0.03	0.666203	0.00022206767400105795
0.11	0.658639	0.00021954633792241413
0.07	0.665432	0.00022181065877278645
0.15	0.463449	0.00015448300043741862
0.27	0.0468391	1.5613033125797906e-05
0.31	0.0399698	1.3323266059160232e-05
0.23	0.0645436	2.1514532466729482e-05
0.19	0.124573	4.1524333258469897e-05
0.0314815	0.666199	0.00022206634283065797
0.111481	0.658306	0.00021943533420562745
0.0714815	0.665392	0.0002217973272005717
0.151481	0.439622	0.00014654067158699035
0.271481	0.0124148	4.138266667723656e-06
0.311481	-0.000313029	-1.0434300444709758e-07
0.191481	0.14285	4.761666556199392e-05
0.231481	0.0679741	2.2658032675584158e-05
0.032963	0.666178	0.00022205932935078938
0.112963	0.656395	0.00021879833936691286
0.072963	0.665335	0.00022177833318710326
0.152963	0.413322	0.00013777400056521098
0.272963	0.00319301	1.064336703469356e-06
0.312963	0.0127345	4.244833253324031e-06
0.192963	0.153868	5.1289334893226624e-05
0.232963	0.0593323	1.977743332584699e-05
0.0344444	0.66616	0.000222053329149882
0.114444	0.655962	0.00021865399678548176
0.0744444	0.66527	0.00022175665696461995
0.154444	0.408571	0.00013619033495585123
0.274444	0.00417834	1.3927800270418325e-06
0.314444	0.00250809	8.360300368318955e-07
0.194444	0.113713	3.7904334565003714e-05
0.234444	0.0388994	1.296646644671758e-05
0.0359259	0.666142	0.0002220473289489746
0.0759259	0.665172	0.00022172399361928305
0.115926	0.654133	0.00021804434061050416
0.155926	0.381849	0.00012728299697240192
0.275926	0.0326141	1.0871366908152898e-05
0.315926	0.0236395	7.879833380381266e-06
0.195926	0.12026	4.0086666742960615e-05
0.235926	0.0661758	2.205860118071238e-05
0.0374074	0.666128	0.00022204265991846722
0.0774074	0.66504	0.0002216800053914388
0.117407	0.651979	0.0002173263430595398
0.157407	0.37243	0.0001241433322429657
0.277407	0.018579	6.193000202377637e-06
0.317407	-0.00442931	-1.4764366981883845e-06
0.197407	0.114243	3.80810002485911e-05
0.237407	0.016658	5.5526668826738996e-06
0.0388889	0.666118	0.00022203934192657472
0.118889	0.650805	0.0002169349988301595
0.0788889	0.665002	0.00022166732947031658
0.158889	0.358165	0.00011938833196957907
0.278889	0.042157	1.4052333931128184e-05
0.318889	0.0352316	1.1743867148955663e-05
0.198889	0.085606	2.8535333772500355e-05
0.238889	0.0362115	1.2070500602324804e-05
0.0403704	0.666093	0.00022203099727630615
0.12037	0.648645	0.0002162149945894877
0.0803704	0.665004	0.00022166800498962404
0.16037	0.348284	0.00011609466870625814
0.28037	0.00342784	1.1426133569329977e-06
0.32037	0.0509064	1.6968800375858943e-05
0.20037	0.0863076	2.8769200046857197e-05
0.24037	0.071446	2.38153338432312e-05
0.0418519	0.66609	0.0002220300038655599
0.121852	0.646077	0.0002153589924176534
0.0818519	0.66491	0.0002216366728146871
0.161852	0.320632	0.0001068773368994395
0.281852	0.0385833	1.2861100335915884e-05
0.321852	0.037555	1.2518333892027538e-05
0.201852	0.0642951	2.143169939517975e-05
0.241852	0.0340882	1.1362733940283457e-05
0.0433333	0.66605	0.00022201667229334514
0.123333	0.641811	0.0002139370044072469
0.0833333	0.664725	0.0002215750018755595
0.163333	0.311164	0.00010372133056322734
0.283333	-0.000424694	-1.4156466932035983e-07
0.323333	0.0140794	4.693133446077506e-06
0.203333	0.0961323	3.20441002647082e-05
0.243333	0.0441545	1.4718166242043178e-05
0.0448148	0.66602	0.00022200665871302286
0.124815	0.637834	0.00021261133750279744
0.0848148	0.664698	0.0002215660015741984
0.164815	0.295975	9.865833322207133e-05
0.284815	0.0324733	1.082443321744601e-05
0.324815	0.0300287	1.000956694285075e-05
0.204815	0.0920473	3.0682432154814404e-05
0.244815	0.0388596	1.2953199446201324e-05
0.0462963	0.665991	0.00022199700276056926
0.126296	0.633873	0.0002112909952799479
0.0862963	0.664504	0.0002215013305346171
0.166296	0.286114	9.537133574485778e-05
0.286296	0.0342799	1.1426633844772974e-05
0.326296	0.000588967	1.9632233306765556e-07
0.206296	0.105942	3.531400114297867e-05
0.246296	0.0140517	4.68390000363191e-06
0.0477778	0.665989	0.0002219963272412618
0.127778	0.631456	0.0002104853391647339
0.0877778	0.664325	0.00022144166628519695
0.167778	0.266994	8.899799982706706e-05
0.327778	0.0101259	3.3752998958031336e-06
0.287778	0.0198128	6.604266663392385e-06
0.207778	0.0952055	3.173516690731048e-05
0.247778	0.0557234	1.8574466307957968e-05
0.0492593	0.665967	0.00022198899586995443
0.129259	0.625398	0.00020846599340438842
0.0892593	0.664268	0.00022142267227172853
0.169259	0.249549	8.318300048510233e-05
0.289259	0.0461132	1.5371066828568777e-05
0.329259	0.000202894	6.76313356962055e-08
0.209259	0.0956279	3.1875965495904284e-05
0.249259	0.0571003	1.903343324859937e-05
0.0507407	0.665932	0.0002219773332277934
0.130741	0.618221	0.0002060736616452535
0.0907407	0.664056	0.00022135200103123984
0.170741	0.245707	8.19023350874583e-05
0.290741	0.00180919	6.030633424719174e-07
0.330741	0.0426213	1.4207099874814351e-05
0.210741	0.058695	1.9564999888340634e-05
0.250741	0.0306102	1.0203400005896885e-05
0.0522222	0.665915	0.0002219716707865397
0.132222	0.612984	0.0002043280005455017
0.0922222	0.663949	0.00022131633758544923
0.172222	0.230183	7.672766844431559e-05
0.292222	0.0152267	5.075566781063875e-06
0.332222	0.0274371	9.145700062314668e-06
0.212222	0.0655732	2.1857733527819314e-05
0.252222	0.0208664	6.955466543634733e-06
0.0537037	0.665869	0.0002219563325246175
0.133704	0.601914	0.00020063799619674682
0.0937037	0.663528	0.000221176008383433
0.173704	0.219536	7.317866881688436e-05
0.293704	-0.0185903	-6.196766470869382e-06
0.333704	0.00682253	2.2741767267386117e-06
0.213704	0.0721986	2.4066199858983356e-05
0.253704	0.0255581	8.519366383552552e-06
0.0551852	0.665848	0.00022194933891296387
0.135185	0.59248	0.00019749333461125692
0.0951852	0.66348	0.00022115999460220337
0.175185	0.199127	6.637566785017649e-05
0.295185	0.00227634	7.587800112863382e-07
0.335185	0.0309249	1.0308299834529558e-05
0.215185	0.0968654	3.228846689065298e-05
0.0566667	0.66582	0.00022194000085194905
0.255185	0.0754337	2.5144567092259726e-05
0.136667	0.58579	0.0001952633261680603
0.0966667	0.66313	0.000221043328444163
0.176667	0.196748	6.558266778786977e-05
0.296667	0.0430519	1.4350632826487223e-05
0.336667	-0.00155033	-5.167766551797589e-07
0.216667	0.0451461	1.5048700074354807e-05
0.0581481	0.665808	0.0002219360073407491
0.256667	0.0474022	1.5800733119249343e-05
0.138148	0.576211	0.00019207032521565754
0.0981481	0.663057	0.00022101900974909466
0.178148	0.18599	6.199666857719421e-05
0.298148	0.0455424	1.51808001101017e-05
0.338148	0.0580992	1.9366399695475895e-05
0.218148	0.0907592	3.025306761264801e-05
0.0596296	0.665773	0.00022192432483037313
0.258148	0.0774541	2.5818032522996268e-05
0.13963	0.560714	0.00018690466880798339
0.0996296	0.662348	0.0002207826574643453
0.17963	0.187178	6.239266693592071e-05
0.29963	-0.0107629	-3.5876333713531494e-06
0.33963	0.0580545	1.935149977604548e-05
0.0611111	0.665747	0.00022191566228866577
0.21963	0.0896849	2.9894967873891194e-05
0.141111	0.546434	0.00018214466174443564
0.25963	0.0166031	5.534366394082705e-06
0.101111	0.662224	0.00022074133157730104
0.181111	0.182843	6.094766656557719e-05
0.301111	0.0543976	1.8132533878087997e-05
0.341111	0.0447627	1.4920900265375773e-05
0.0625926	0.665663	0.00022188766797383628
0.221111	0.0553608	1.84536005059878e-05
0.142593	0.535678	0.00017855934302012127
0.102593	0.661971	0.00022065699100494386
0.261111	0.0430684	1.4356133838494618e-05
0.182593	0.155903	5.1967665553092956e-05
0.302593	0.00794845	2.6494832709431647e-06
0.342593	0.0419508	1.3983599841594696e-05
0.0640741	0.665633	0.00022187767426172893
0.222593	0.0512106	1.707020029425621e-05
0.144074	0.51581	0.0001719366709391276
0.104074	0.661643	0.00022054767608642578
0.262593	0.0365725	1.2190833687782288e-05
0.184074	0.171894	5.7297999660174054e-05
0.304074	0.0155966	5.198866749803225e-06
0.344074	0.0283641	9.45469985405604e-06
0.0655556	0.665611	0.00022187034289042156
0.224074	0.0669976	2.2332534193992615e-05
0.145556	0.503464	0.00016782132784525555
0.105556	0.661226	0.00022040865818659464
0.264074	0.0331612	1.105373352766037e-05
0.185556	0.153902	5.130066474278768e-05
0.305556	0.0211556	7.051866501569748e-06
0.345556	-0.0137349	-4.578300130863985e-06
0.067037	0.665564	0.00022185466686884563
0.147037	0.492	0.000164000004529953
0.225556	0.0694065	2.3135500649611155e-05
0.107037	0.660217	0.00022007232904434204
0.265556	0.0175864	5.862133577466011e-06
0.187037	0.12821	4.273666441440582e-05
0.307037	0.01793	5.97666638592879e-06
0.347037	-0.00825822	-2.7527399361133575e-06
0.0685185	0.66554	0.0002218466599782308
0.148519	0.463793	0.000154597669839859
0.227037	0.0713869	2.3795634508132933e-05
0.108519	0.659977	0.00021999233961105346
0.267037	0.0583761	1.9458699971437453e-05
0.188519	0.144791	4.826366901397705e-05
0.308519	0.0580602	1.9353399674097697e-05
0.348519	0.00461624	1.5387466798226039e-06
0.228519	0.0752052	2.5068399806817374e-05
0.268519	0.0540151	1.8005033334096274e-05
