0.03	0.666251	0.00022208366791407266
0.114	0.661781	0.00022059367100397745
0.198	0.249427	8.314233521620432e-05
0.282	0.0862941	2.8764699896176657e-05
0.366	0.031685	1.05616661409537e-05
0.116625	0.661704	0.00022056800127029418
0.032625	0.666215	0.0002220716675122579
0.200625	0.228101	7.603366672992707e-05
0.284625	0.0394197	1.313989982008934e-05
0.368625	-0.00755885	-2.5196167019506296e-06
0.03525	0.666204	0.00022206799189249674
0.11925	0.660639	0.00022021299600601197
0.20325	0.234386	7.812866568565369e-05
0.28725	0.0596228	1.9874267280101775e-05
0.37125	0.0201748	6.724933162331581e-06
0.037875	0.666177	0.00022205899159113567
0.121875	0.66046	0.0002201533317565918
0.205875	0.211454	7.048466801643371e-05
0.289875	0.0412965	1.3765500237544378e-05
0.373875	0.00328713	1.0957100118199984e-06
0.0405	0.66614	0.00022204667329788207
0.1245	0.658951	0.00021965032815933228
0.2085	0.196498	6.549933552742005e-05
0.2925	0.0547328	1.8244266510009767e-05
0.3765	0.036383	1.2127666423718135e-05
0.043125	0.666098	0.00022203266620635987
0.127125	0.657938	0.0002193126678466797
0.211125	0.167107	5.570233364899953e-05
0.295125	0.0561144	1.870480055610339e-05
0.379125	0.0338538	1.1284599701563517e-05
0.04575	0.666092	0.00022203065951665243
0.12975	0.655052	0.0002183506687482198
0.21375	0.162822	5.427399774392446e-05
0.29775	0.0713902	2.3796732227007547e-05
0.38175	0.000679644	2.2654799977317453e-07
0.048375	0.666056	0.00022201865911483765
0.132375	0.653307	0.0002177690068880717
0.216375	0.170116	5.670533577601115e-05
0.300375	0.000982381	3.274603514000773e-07
0.384375	0.0360633	1.2021099527676901e-05
0.051	0.666007	0.0002220023274421692
0.135	0.650249	0.0002167496681213379
0.219	0.1547	5.1566665371259053e-05
0.303	0.0462561	1.5418699632088344e-05
0.387	0.0398202	1.3273400564988454e-05
0.053625	0.665978	0.00022199267148971557
0.137625	0.648556	0.00021618533134460448
0.221625	0.124729	4.1576333343982696e-05
0.305625	0.0464026	1.5467533220847447e-05
0.05625	0.665887	0.0002219623327255249
0.389625	0.0123976	4.132533445954323e-06
0.14025	0.641618	0.00021387267112731934
0.22425	0.140978	4.699266453584035e-05
0.30825	0.00550805	1.8360166189571223e-06
0.058875	0.665883	0.0002219610015551249
0.142875	0.638515	0.00021283833185831706
0.39225	0.0174774	5.825800200303395e-06
0.226875	0.108333	3.611099968353907e-05
0.310875	0.0515454	1.7181800057490666e-05
0.0615	0.665808	0.0002219360073407491
0.1455	0.631562	0.00021052066485087077
0.394875	-0.00677766	-2.2592199966311454e-06
0.2295	0.0999293	3.330976764361063e-05
0.064125	0.665817	0.0002219390074412028
0.3135	0.0152345	5.078166723251343e-06
0.148125	0.623615	0.000207871675491333
0.3975	0.035254	1.1751333872477213e-05
0.232125	0.11307	3.769000122944514e-05
0.06675	0.665756	0.00022191866238911948
0.316125	0.0152238	5.074600068231423e-06
0.15075	0.614274	0.0002047580083211263
0.400125	0.0236843	7.894766827424368e-06
0.23475	0.126323	4.210766653219859e-05
0.069375	0.665657	0.00022188566128412884
0.153375	0.597603	0.00019920100768407186
0.31875	0.0338441	1.1281366149584452e-05
0.40275	0.0167392	5.579733600219091e-06
0.072	0.665524	0.00022184133529663087
0.237375	0.0825494	2.751646687587102e-05
0.156	0.587794	0.00019593133529027302
0.321375	0.0435836	1.4527867237726847e-05
0.405375	0.00311815	1.0393833120663961e-06
0.074625	0.665492	0.00022183066606521607
0.24	0.103728	3.4575998783111576e-05
0.158625	0.578005	0.00019266833861668906
0.324	0.011119	3.706333227455616e-06
0.408	0.0294508	9.816933423280717e-06
0.07725	0.665497	0.00022183233499526976
0.242625	0.101959	3.39863325158755e-05
0.16125	0.553356	0.00018445199728012084
0.326625	-0.0138487	-4.616233209768931e-06
0.079875	0.665359	0.0002217863400777181
0.410625	0.0175465	5.848833049337069e-06
0.24525	0.0888273	2.960909903049469e-05
0.163875	0.546162	0.00018205400307973226
0.32925	0.039734	1.3244666159152985e-05
0.0825	0.66525	0.00022175000111262003
0.41325	0.00180837	6.027899992962678e-07
0.247875	0.079641	2.654699981212616e-05
0.1665	0.524292	0.00017476399739583333
0.331875	0.0523981	1.7466033498446145e-05
0.085125	0.665215	0.000221738338470459
0.415875	0.00538628	1.7954266319672266e-06
0.2505	0.0747594	2.4919800460338593e-05
0.169125	0.502132	0.00016737733284632366
0.3345	0.0301591	1.0053033630053202e-05
0.08775	0.66504	0.0002216800053914388
0.253125	0.086815	2.89383331934611e-05
0.4185	0.0397187	1.323956623673439e-05
0.17175	0.472114	0.00015737133224805197
0.090375	0.664881	0.00022162699699401856
0.337125	0.0487824	1.6260800262292228e-05
0.25575	0.0735617	2.4520566066106162e-05
0.421125	0.0330669	1.1022299528121948e-05
0.174375	0.454794	0.00015159799655278523
0.093	0.66469	0.00022156333923339843
0.33975	0.050541	1.6846999526023866e-05
0.258375	0.0881017	2.936723331610362e-05
0.42375	0.0410131	1.3671033084392547e-05
0.177	0.422378	0.00014079266786575317
0.095625	0.664613	0.00022153766949971516
0.342375	0.0279841	9.328033154209454e-06
0.261	0.0211732	7.057733212908109e-06
0.426375	0.00984442	3.2814731821417808e-06
0.179625	0.395929	0.00013197633624076842
0.09825	0.664336	0.00022144534190495809
0.345	0.0523683	1.7456099390983582e-05
0.263625	0.0366529	1.2217633426189423e-05
0.18225	0.361286	0.00012042867143948873
0.100875	0.664219	0.00022140634059906005
0.429	0.0203733	6.791099905967712e-06
0.347625	0.0426615	1.422049974401792e-05
0.26625	0.0414657	1.3821899890899658e-05
0.184875	0.348002	0.00011600066224733988
0.1035	0.663809	0.0002212696671485901
0.431625	0.00666784	2.2226132762928803e-06
0.35025	0.0289883	9.662766630450885e-06
0.268875	0.0752043	2.506809930006663e-05
0.1875	0.313526	0.00010450866818428039
0.106125	0.663559	0.0002211863398551941
0.43425	-0.00688721	-2.295736689120531e-06
0.352875	0.0129098	4.303266604741414e-06
0.2715	0.0717825	2.3927499850591022e-05
0.190125	0.310126	0.00010337533553441365
0.10875	0.663131	0.00022104366620381673
0.436875	-0.0110237	-3.6745667457580567e-06
0.3555	0.00725471	2.418236651768287e-06
0.111375	0.662614	0.00022087132930755617
0.274125	0.0644067	2.146890014410019e-05
0.19275	0.302314	0.00010077133774757385
0.4395	0.00715804	2.386013356347879e-06
0.358125	0.00203043	6.76809965322415e-07
0.27675	0.0513759	1.712529982129733e-05
0.195375	0.267967	8.932232856750488e-05
0.442125	0.0117214	3.907133204241593e-06
0.36075	-0.00653178	-2.177260039995114e-06
0.279375	0.0537705	1.7923500388860702e-05
0.44475	0.038309	1.2769666810830435e-05
0.363375	0.0415626	1.3854199399550756e-05
0.447375	0.0492603	1.6420099884271622e-05
