0.286	0.033812	1.127066711584727e-05
0.03	0.0961219	3.204063326120377e-05
0.094	0.0344105	1.1470166345437367e-05
0.0726667	0.0419456	1.398186633984248e-05
0.115333	0.0395045	1.3168166081110636e-05
0.200667	0.00170678	5.68926683627069e-07
0.243333	-0.00764309	-2.5476966984570025e-06
0.264667	-0.0138309	-4.610300064086914e-06
0.0513333	0.0744443	2.481476714213689e-05
0.179333	0.00575016	1.9167200662195683e-06
0.328667	0.0164091	5.469699700673421e-06
0.136667	0.0169548	5.651600038011869e-06
0.222	0.00799354	2.6645132650931675e-06
0.307333	0.0192284	6.409466887513797e-06
0.158	-0.00600484	-2.00161337852478e-06
0.20219	0.00880192	2.9339734464883804e-06
0.0315238	0.10176	3.3919999996821086e-05
0.0955238	0.00469798	1.5659932978451253e-06
0.0741905	0.0758128	2.5270933906237283e-05
0.287524	0.0416316	1.3877200583616893e-05
0.116857	0.0132541	4.41803348561128e-06
0.244857	0.0010602	3.5340001340955496e-07
0.26619	-0.0158631	-5.287700022260348e-06
0.180857	-0.00233959	-7.79863369340698e-07
0.0528571	0.0561035	1.8701167156298954e-05
0.13819	0.0486248	1.6208266218503315e-05
0.33019	0.0212533	7.084433610240618e-06
0.223524	0.011744	3.914666672547659e-06
0.159524	0.0214668	7.155599693457285e-06
0.308857	0.0126271	4.209033213555813e-06
0.203714	0.012252	4.084000053505103e-06
0.289048	-0.012611	-4.20366662244002e-06
0.0330476	0.0623725	2.0790832738081615e-05
0.0970476	0.0422049	1.4068300525347392e-05
0.0757143	0.0184728	6.157600010434786e-06
0.118381	0.00725136	2.417119996001323e-06
0.246381	0.0102052	3.4017333139975867e-06
0.267714	0.0161507	5.3835666428009666e-06
0.054381	0.0505533	1.6851099828879038e-05
0.182381	0.0181831	6.061033035318056e-06
0.139714	0.00897052	2.990173486371835e-06
0.331714	0.029447	9.815666824579239e-06
0.225048	-0.00601935	-2.006450047095617e-06
0.161048	0.0240761	8.025366812944413e-06
0.310381	-0.02955	-9.84999972085158e-06
0.290571	-0.00735962	-2.4532067279020943e-06
0.0345714	0.104608	3.486933310826619e-05
0.0985714	0.0437553	1.458510011434555e-05
0.205238	-0.0057201	-1.9066999666392803e-06
0.0772381	0.00889559	2.965196656684081e-06
0.119905	-0.0101595	-3.386499981085459e-06
0.247905	-0.0255986	-8.532866835594177e-06
0.269238	0.017907	5.968999738494555e-06
0.0559048	0.0390158	1.3005266586939495e-05
0.183905	0.0201234	6.707799931367238e-06
0.141238	0.0226825	7.560833046833674e-06
0.333238	-0.00903473	-3.0115765208999315e-06
0.226571	-0.0127072	-4.235733300447464e-06
0.311905	-0.0137767	-4.592233337461948e-06
0.162571	0.0423008	1.4100267241398494e-05
0.292095	0.033511	1.1170333872238795e-05
0.0360952	0.0724038	2.4134601155916848e-05
0.100095	0.0236878	7.895933464169502e-06
0.0787619	0.0300682	1.0022733360528945e-05
0.206762	-0.00553961	-1.8465366835395496e-06
0.121429	0.0040284	1.3427999801933766e-06
0.249429	-0.0236151	-7.871699829896292e-06
0.0574286	0.0314465	1.048216720422109e-05
0.270762	-0.0155111	-5.170366726815701e-06
0.185429	-0.00329464	-1.0982133292903503e-06
0.334762	0.0259501	8.650033424297969e-06
0.228095	0.00664278	2.214259933680296e-06
0.142762	0.0182885	6.096166869004567e-06
0.313429	-0.00618171	-2.0605699780086676e-06
0.164095	-0.0123276	-4.109200090169907e-06
0.293619	0.0142344	4.74480011810859e-06
0.037619	0.0730943	2.4364766975243887e-05
0.101619	0.041441	1.3813666999340057e-05
0.0802857	0.0447559	1.4918632805347443e-05
0.208286	0.0111871	3.7290332838892935e-06
0.122952	0.00685573	2.2852433224519094e-06
0.250952	0.00421572	1.405240036547184e-06
0.0589524	0.0564259	1.8808633089065553e-05
0.272286	0.00221937	7.397900335490703e-07
0.314952	0.0040733	1.3577666444083055e-06
0.186952	-0.00249871	-8.329033541182677e-07
0.336286	-0.000913208	-3.044026670977473e-07
0.229619	0.00370102	1.2336733440558117e-06
0.144286	0.0618615	2.0620500048001608e-05
0.165619	-0.00137281	-4.57603329171737e-07
0.295143	0.0153419	5.113966763019562e-06
0.0391429	0.0886901	2.956336736679077e-05
0.103143	0.0319112	1.0637067258358002e-05
0.0818095	0.0221	7.366666570305824e-06
0.124476	0.0169542	5.651400114099185e-06
0.20981	0.0228513	7.617099831501643e-06
0.252476	0.00708235	2.360783362140258e-06
0.316476	0.00940346	3.1344865759213765e-06
0.0604762	0.051371	1.712366690238317e-05
0.27381	-0.0287204	-9.573466454943022e-06
0.188476	0.0225999	7.533300047119458e-06
0.33781	-0.0144429	-4.81430006523927e-06
0.231143	0.0331723	1.1057432740926742e-05
0.14581	0.0029827	9.942333369205395e-07
0.167143	-0.0195046	-6.501533091068268e-06
0.0406667	0.0479819	1.599396641055743e-05
0.104667	0.0492515	1.64171668390433e-05
0.0833333	0.0406252	1.3541733225186667e-05
0.296667	0.00756655	2.5221832717458406e-06
0.126	0.0297464	9.915466730793317e-06
0.211333	0.00171808	5.726933401698868e-07
0.254	0.0113466	3.7822000061472255e-06
0.318	0.000130174	4.339133253476272e-08
0.062	0.0157563	5.2520999064048135e-06
0.19	-0.0319777	-1.065923273563385e-05
0.275333	-0.0124708	-4.156933476527532e-06
0.232667	-0.0373495	-1.2449833254019419e-05
0.339333	0.0268591	8.953033636013666e-06
0.147333	0.0246595	8.219833175341288e-06
0.168667	-0.000674269	-2.2475632916515073e-07
0.0421905	0.0876262	2.9208732148011524e-05
0.10619	0.019925	6.641666715343793e-06
0.0848571	0.00389442	1.2981400359421969e-06
0.127524	0.0270197	9.006566678484282e-06
0.255524	0.00473014	1.5767132863402366e-06
0.29819	-0.0157341	-5.244700238108635e-06
0.212857	0.0403831	1.3461033503214517e-05
0.319524	-0.0156856	-5.228533099095027e-06
0.23419	0.00804317	2.6810566584269204e-06
0.191524	0.00332581	1.1086033191531897e-06
0.276857	0.03731	1.2436666836341222e-05
0.0635238	0.0592856	1.976186657945315e-05
0.340857	-0.00355793	-1.185976667329669e-06
0.148857	-0.0159687	-5.322900290290515e-06
0.17019	0.00253507	8.450233532736699e-07
0.0437143	0.0772938	2.5764599442481993e-05
0.107714	0.00196276	6.542533325652281e-07
0.086381	0.0381736	1.2724533677101135e-05
0.129048	0.00449072	1.4969067027171453e-06
0.257048	0.0047752	1.591733346382777e-06
0.321048	-0.0140919	-4.697299872835477e-06
0.235714	0.00232405	7.746833531806867e-07
0.193048	0.00600209	2.0006966466705003e-06
0.214381	0.0116597	3.88656680782636e-06
0.299714	-0.00223156	-7.438533163319031e-07
0.278381	-0.0118403	-3.94676656772693e-06
0.0650476	0.0290816	9.693866595625877e-06
0.150381	0.0281007	9.366899728775024e-06
0.342381	0.00221016	7.36720006292065e-07
0.171714	0.00474088	1.5802932903170586e-06
0.0452381	0.0622718	2.075726663072904e-05
0.109238	0.0440337	1.4677899579207102e-05
0.0879048	0.0151177	5.039233403901259e-06
0.130571	0.03868	1.289333278934161e-05
0.258571	0.00655109	2.18369672074914e-06
0.322571	-0.0218113	-7.270433629552524e-06
0.194571	0.0128387	4.2795666183034575e-06
0.237238	-0.0142245	-4.7415001317858695e-06
0.279905	0.0282857	9.42856694261233e-06
0.215905	0.0248627	8.287566403547923e-06
0.301238	-0.0137145	-4.571499923865e-06
0.151905	0.0165456	5.515199775497118e-06
0.0665714	0.0428739	1.429130012790362e-05
0.343905	0.0124363	4.145433194935322e-06
0.0467619	0.0673074	2.243579924106598e-05
0.173238	0.0372518	1.2417266766230266e-05
0.110762	0.0426946	1.423153281211853e-05
0.0894286	0.0523736	1.7457866420348484e-05
0.132095	-0.0208017	-6.93390021721522e-06
0.260095	0.00619442	2.0648067196210226e-06
0.324095	-0.0320302	-1.0676732907692592e-05
0.196095	0.00316794	1.0559800236175457e-06
0.153429	0.0287528	9.584266692399979e-06
0.281429	0.0111517	3.7172334268689157e-06
0.238762	0.022498	7.499333471059799e-06
0.217429	0.012079	4.026333180566629e-06
0.0680952	0.0404148	1.347159966826439e-05
0.302762	0.00933782	3.112606704235077e-06
0.345429	-0.00390445	-1.3014833287646372e-06
0.0482857	0.0713796	2.3793200651804607e-05
0.112286	0.00727109	2.4236966855823994e-06
0.174762	0.00861282	2.870939982434114e-06
0.0909524	0.0369792	1.2326399485270181e-05
0.133619	0.00410678	1.3689266828199228e-06
0.261619	-0.0199376	-6.645866359273592e-06
0.325619	0.00608639	2.0287966666122277e-06
0.197619	0.0129239	4.307966679334641e-06
0.154952	0.0235633	7.85443310936292e-06
0.282952	0.0121919	4.063966684043407e-06
0.240286	0.0181039	6.03463314473629e-06
0.218952	0.0320059	1.0668632884820302e-05
0.069619	0.0277452	9.2484001070261e-06
0.304286	0.0257907	8.596900229652723e-06
0.346952	0.025339	8.446333309014639e-06
0.0498095	0.0766195	2.5539832810560864e-05
0.11381	0.0123533	4.117766705652078e-06
0.0924762	0.025313	8.437666421135267e-06
0.176286	-0.0101955	-3.39850007245938e-06
0.135143	0.00103959	3.4652999602258206e-07
0.263143	-0.0077573	-2.5857666817804176e-06
0.327143	0.00256936	8.564533200114965e-07
0.199143	0.0327091	1.0903033117453257e-05
0.156476	0.00937761	3.125869979461034e-06
0.24181	0.025493	8.49766656756401e-06
0.284476	0.0118395	3.946499899029732e-06
0.0711429	0.0201812	6.727066511909167e-06
0.30581	-0.0125538	-4.184599965810776e-06
0.220476	0.0197079	6.5692998468875885e-06
0.348476	0.00563283	1.8776099508007368e-06
0.17781	0.0445467	1.4848900338013967e-05
