0.03	0.904103	0.0003013676603635152
0.31	0.2262	7.539999981721242e-05
0.07	0.846503	0.00028216767311096193
0.27	0.27024	9.008000294367473e-05
0.11	0.756007	0.00025200233856836955
0.19	0.458757	0.00015291900436083475
0.23	0.340727	0.00011357566714286804
0.15	0.60599	0.00020199666420618693
0.231481	0.33821	0.00011273666222890218
0.0714815	0.84185	0.00028061666091283165
0.191481	0.453137	0.0001510456701119741
0.0314815	0.90174	0.00030058000485102334
0.271481	0.266853	8.895100156466166e-05
0.111481	0.755837	0.0002519456744194031
0.151481	0.606617	0.00020220565795898437
0.311481	0.22729	7.5763334830602e-05
0.072963	0.840283	0.00028009432554245
0.232963	0.331437	0.00011047899723052978
0.192963	0.442877	0.00014762566486994425
0.032963	0.89842	0.00029947332541147866
0.152963	0.600627	0.00020020900170008343
0.112963	0.74945	0.00024981667598088583
0.312963	0.22769	7.589666545391083e-05
0.272963	0.268797	8.959900339444478e-05
0.0744444	0.837833	0.0002792776624361674
0.234444	0.331753	0.00011058432857195537
0.194444	0.435047	0.00014501566688219705
0.0344444	0.897953	0.00029931765794754026
0.154444	0.597303	0.00019910099109013876
0.114444	0.745987	0.00024866233269373576
0.314444	0.22157	7.38566666841507e-05
0.274444	0.264823	8.827432990074157e-05
0.0759259	0.834783	0.00027826100587844847
0.235926	0.335337	0.00011177900433540344
0.195926	0.428123	0.00014270766576131186
0.0359259	0.895847	0.0002986156741778056
0.115926	0.736497	0.0002454989949862162
0.155926	0.58703	0.0001956766645113627
0.315926	0.22031	7.343666752179464e-05
0.275926	0.264293	8.809766173362732e-05
0.0774074	0.835173	0.0002783910036087036
0.237407	0.325493	0.00010849766929944356
0.0374074	0.893863	0.0002979543407758077
0.197407	0.424743	0.0001415809988975525
0.157407	0.579437	0.0001931456724802653
0.117407	0.73692	0.00024563999970753987
0.317407	0.221683	7.389433185259501e-05
0.277407	0.26112	8.703999718030294e-05
0.0788889	0.831587	0.000277195672194163
0.238889	0.32301	0.00010766999920209249
0.0388889	0.892223	0.0002974076668421427
0.198889	0.430787	0.00014359566569328307
0.118889	0.726407	0.00024213566382726034
0.158889	0.574287	0.00019142899910608928
0.278889	0.259453	8.648433287938436e-05
0.318889	0.218487	7.282899816830952e-05
0.0803704	0.82943	0.00027647666136423746
0.24037	0.321143	0.00010704766710599263
0.0403704	0.88968	0.000296560009320577
0.16037	0.57071	0.00019023666779200237
0.12037	0.730057	0.00024335233370463054
0.20037	0.41865	0.00013955000042915343
0.28037	0.260063	8.668766419092815e-05
0.32037	0.221287	7.376233239968618e-05
0.0818519	0.826613	0.0002755376696586609
0.241852	0.32168	0.00010722666978836059
0.0418519	0.88839	0.0002961300015449524
0.121852	0.7199	0.0002399666706720988
0.161852	0.560043	0.0001866809924443563
0.201852	0.411563	0.00013718766967455546
0.281852	0.25688	8.562666177749634e-05
0.321852	0.220183	7.339433332284291e-05
0.0833333	0.821763	0.00027392099301020307
0.0433333	0.885533	0.00029517765839894613
0.243333	0.314023	0.00010467432936032613
0.123333	0.71462	0.00023820666472117107
0.163333	0.555043	0.00018501432736714682
0.203333	0.412277	0.0001374256710211436
0.283333	0.253083	8.436099688212077e-05
0.323333	0.215657	7.188566525777181e-05
0.0848148	0.81993	0.00027331000566482546
0.0448148	0.884663	0.00029488766193389894
0.244815	0.313023	0.00010434100031852722
0.124815	0.711817	0.00023727234204610188
0.164815	0.55213	0.00018404332796732585
0.324815	0.218293	7.276433209578197e-05
0.284815	0.25304	8.434666196505228e-05
0.204815	0.41023	0.00013674333691596986
0.0862963	0.817517	0.00027250566085179644
0.0462963	0.881707	0.00029390233755111696
0.246296	0.309023	0.00010300766428311666
0.126296	0.703103	0.00023436766862869262
0.166296	0.54995	0.00018331666787465415
0.206296	0.405467	0.0001351556678613027
0.326296	0.213817	7.127233346303304e-05
0.286296	0.25322	8.440666397412617e-05
0.0877778	0.815307	0.0002717690070470174
0.247778	0.307693	0.00010256433486938476
0.0477778	0.880757	0.0002935856580734253
0.127778	0.69955	0.0002331833243370056
0.167778	0.539103	0.00017970099051793417
0.207778	0.394177	0.00013139232993125916
0.0892593	0.809337	0.00026977900664011635
0.327778	0.211843	7.061433295408885e-05
0.287778	0.25188	8.395999670028687e-05
0.249259	0.306123	0.00010204099615414937
0.0492593	0.876803	0.00029226766029993693
0.129259	0.69503	0.00023167665799458823
0.209259	0.395317	0.0001317723294099172
0.0907407	0.807987	0.0002693289915720622
0.169259	0.53828	0.0001794266700744629
0.250741	0.300707	0.00010023567080497742
0.289259	0.251937	8.397900064786275e-05
0.329259	0.21276	7.092000047365824e-05
0.0507407	0.876697	0.00029223233461380006
0.0922222	0.804467	0.0002681556741396586
0.210741	0.389513	0.00012983766198158264
0.130741	0.685697	0.0002285656730333964
0.170741	0.529387	0.00017646233240763346
0.252222	0.295967	9.865567088127136e-05
0.290741	0.250003	8.333433667818705e-05
0.330741	0.20968	6.989333530267079e-05
0.0522222	0.8749	0.0002916333278020223
0.0937037	0.800173	0.00026672432820002237
0.212222	0.383533	0.00012784433364868163
0.132222	0.684403	0.00022813433408737182
0.172222	0.530557	0.00017685232559839885
0.253704	0.29232	9.744000434875488e-05
0.292222	0.245313	8.177100121974945e-05
0.332222	0.21107	7.035666704177856e-05
0.0537037	0.870147	0.00029004899660746257
0.0951852	0.79465	0.0002648833394050598
0.213704	0.383997	0.00012799899776776632
0.133704	0.67673	0.00022557665904362995
0.173704	0.51483	0.0001716099977493286
0.255185	0.29432	9.81066624323527e-05
0.293704	0.243023	8.100766440232595e-05
0.333704	0.20749	6.916333238283793e-05
0.0551852	0.868903	0.00028963432709376016
0.0966667	0.791433	0.00026381099224090577
0.215185	0.373673	0.00012455766399701437
0.135185	0.669947	0.00022331567605336506
0.175185	0.51074	0.0001702466607093811
0.256667	0.289857	9.661900003751119e-05
0.295185	0.24088	8.029333253701528e-05
0.0566667	0.867243	0.0002890809973080953
0.335185	0.207513	6.917100151379903e-05
0.0981481	0.788067	0.0002626889944076538
0.176667	0.50318	0.00016772667566935221
0.216667	0.36968	0.0001232266624768575
0.136667	0.667	0.00022233333190282186
0.258148	0.286623	9.554100036621094e-05
0.296667	0.24098	8.032666643460592e-05
0.0581481	0.86481	0.00028826999664306643
0.336667	0.20686	6.895333528518677e-05
0.0996296	0.78599	0.0002619966665903727
0.178148	0.492917	0.00016430566708246867
0.218148	0.36594	0.00012198000152905783
0.138148	0.657967	0.0002193223237991333
0.25963	0.286737	9.557899832725525e-05
0.298148	0.236087	7.869566480318705e-05
0.0596296	0.862017	0.0002873389919598897
0.338148	0.20408	6.80266668399175e-05
0.101111	0.782933	0.00026097766558329266
0.13963	0.65451	0.0002181700070699056
0.17963	0.490977	0.00016365899642308552
0.21963	0.35979	0.00011992999911308289
0.261111	0.282667	9.422233700752259e-05
0.0611111	0.86134	0.0002871133287747701
0.29963	0.238937	7.964566846688589e-05
0.33963	0.205683	6.856099764506023e-05
0.102593	0.775427	0.000258475661277771
0.181111	0.48514	0.0001617133319377899
0.221111	0.36139	0.00012046333154042562
0.141111	0.64651	0.00021550333499908446
0.262593	0.28251	9.417000412940979e-05
0.0625926	0.857483	0.00028582767645517985
0.301111	0.232267	7.742233574390412e-05
0.104074	0.77061	0.0002568699916203817
0.341111	0.205117	6.837233404318492e-05
0.222593	0.358537	0.0001195123294989268
0.142593	0.64254	0.00021417999267578125
0.182593	0.47666	0.00015888667106628418
0.264074	0.278667	9.288900097211202e-05
0.0640741	0.855603	0.0002852009932200114
0.105556	0.76787	0.00025595666964848835
0.224074	0.354733	0.00011824433008829753
0.302593	0.234793	7.826433579126993e-05
0.342593	0.203057	6.768566866715749e-05
0.144074	0.63441	0.00021147000789642335
0.184074	0.47307	0.00015768999854723614
0.265556	0.279547	9.318233529726664e-05
0.0655556	0.854527	0.00028484233220418294
0.107037	0.767577	0.0002558589975039164
0.225556	0.35509	0.0001183633307615916
0.304074	0.23265	7.754999895890554e-05
0.145556	0.632567	0.00021085566282272338
0.185556	0.464693	0.000154897669951121
0.344074	0.201487	6.716233491897583e-05
0.267037	0.277413	9.247100353240966e-05
0.067037	0.851217	0.0002837389906247457
0.108519	0.76131	0.00025376999378204346
0.227037	0.35111	0.00011703667044639588
0.305556	0.23101	7.700333495934804e-05
0.147037	0.627447	0.00020914900302886963
0.187037	0.467117	0.0001557056705156962
0.345556	0.20235	6.745000183582306e-05
0.268519	0.276657	9.221899509429932e-05
0.0685185	0.84781	0.0002826033234596252
0.228519	0.34497	0.0001149899959564209
0.307037	0.23387	7.795666654904683e-05
0.148519	0.62062	0.00020687333742777506
0.188519	0.459767	0.0001532556712627411
0.347037	0.19864	6.621333460013072e-05
0.308519	0.226803	7.560100158055624e-05
0.348519	0.200443	6.681433320045471e-05
