0.03	0.216033	7.201099892457326e-05
0.11	0.10256	3.4186666210492454e-05
0.15	0.0869341	2.8978032370408375e-05
0.07	0.135612	4.520399868488312e-05
0.27	0.0601748	2.005826681852341e-05
0.23	0.0663678	2.212259918451309e-05
0.31	0.0555111	1.8503699451684952e-05
0.19	0.0750959	2.5031966467698414e-05
0.0314815	0.208036	6.934533516565958e-05
0.111481	0.103899	3.463300069173177e-05
0.151481	0.0847174	2.8239133457342784e-05
0.0714815	0.133054	4.435133437315623e-05
0.271481	0.0596144	1.9871467103560766e-05
0.311481	0.0554856	1.8495199580987294e-05
0.231481	0.0651907	2.1730234225591024e-05
0.191481	0.0744281	2.480936547120412e-05
0.032963	0.206286	6.876199940840403e-05
0.112963	0.103417	3.447233388821284e-05
0.152963	0.0839652	2.7988399068514505e-05
0.072963	0.131308	4.376933475335439e-05
0.272963	0.0589822	1.966073364019394e-05
0.312963	0.0557115	1.8570500115553537e-05
0.232963	0.0653463	2.1782100200653075e-05
0.192963	0.0736815	2.456050117810567e-05
0.0344444	0.199417	6.647233168284098e-05
0.114444	0.102606	3.420199950536092e-05
0.154444	0.084413	2.8137666483720144e-05
0.0744444	0.131312	4.3770665923754375e-05
0.274444	0.0597981	1.9932699700196584e-05
0.314444	0.0542063	1.806876684228579e-05
0.234444	0.0654719	2.1823967496554057e-05
0.194444	0.07414	2.4713332454363506e-05
0.0359259	0.195629	6.52096668879191e-05
0.115926	0.101722	3.390733400980632e-05
0.155926	0.0838904	2.7963466942310335e-05
0.0759259	0.130544	4.35146689414978e-05
0.275926	0.05912	1.9706666469573974e-05
0.315926	0.054637	1.821233332157135e-05
0.235926	0.0645974	2.153246601422628e-05
0.195926	0.0731456	2.4381866057713828e-05
0.0374074	0.192873	6.429100036621094e-05
0.117407	0.0985715	3.2857167224089306e-05
0.157407	0.0839519	2.7983965973059337e-05
0.0774074	0.126206	4.2068665226300556e-05
0.277407	0.0593967	1.979889969031016e-05
0.317407	0.0547863	1.8262099474668502e-05
0.237407	0.0653767	2.1792232990264893e-05
0.197407	0.071523	2.3841001093387605e-05
0.0388889	0.186177	6.205900013446808e-05
0.118889	0.099127	3.304233402013779e-05
0.158889	0.0833285	2.7776166796684266e-05
0.0788889	0.127359	4.2453000942866006e-05
0.278889	0.0582711	1.9423699627319972e-05
0.318889	0.0533044	1.776813343167305e-05
0.238889	0.0636356	2.1211867531140645e-05
0.198889	0.0724211	2.414036790529887e-05
0.0403704	0.185691	6.189699967702229e-05
0.12037	0.099037	3.301233301560084e-05
0.16037	0.0819681	2.7322699626286826e-05
0.0803704	0.124167	4.1389000912507374e-05
0.28037	0.058903	1.9634333749612174e-05
0.32037	0.0539752	1.799173280596733e-05
0.24037	0.0642967	2.1432233353455863e-05
0.20037	0.0724696	2.415653318166733e-05
0.0418519	0.182174	6.072466572125753e-05
0.121852	0.0958252	3.19417342543602e-05
0.161852	0.0791478	2.638260026772817e-05
0.0818519	0.1242	4.14000004529953e-05
0.281852	0.0586437	1.954789956410726e-05
0.321852	0.0540011	1.8000366787115732e-05
0.241852	0.0645374	2.1512466172377268e-05
0.201852	0.0718511	2.395036568244298e-05
0.0433333	0.180114	6.00380003452301e-05
0.123333	0.0961715	3.205716609954834e-05
0.163333	0.0813393	2.7113099892934164e-05
0.0833333	0.123637	4.121233274539312e-05
0.283333	0.0582315	1.941049968202909e-05
0.323333	0.0535411	1.784703383843104e-05
0.243333	0.0636185	2.1206167836984e-05
0.203333	0.0711752	2.3725067575772605e-05
0.0448148	0.175983	5.866099894046783e-05
0.124815	0.0962548	3.2084934413433076e-05
0.164815	0.0814815	2.7160500486691794e-05
0.0848148	0.121437	4.0478999416033426e-05
0.284815	0.0584493	1.9483099381128946e-05
0.324815	0.0531041	1.770136629541715e-05
0.244815	0.0637863	2.1262099345525107e-05
0.204815	0.0707933	2.3597766955693563e-05
0.0462963	0.170333	5.677766601244608e-05
0.126296	0.0966956	3.223186731338501e-05
0.166296	0.081523	2.7174333731333416e-05
0.0862963	0.120985	4.0328333775202434e-05
0.286296	0.0573044	1.910146698355675e-05
0.326296	0.0534759	1.7825300494829814e-05
0.246296	0.0635874	2.1195799112319945e-05
0.206296	0.0698511	2.3283700148264568e-05
0.0477778	0.167654	5.588466425736745e-05
0.127778	0.0950074	3.166913241147995e-05
0.167778	0.0806656	2.688853442668915e-05
0.0877778	0.118171	3.939033299684525e-05
0.287778	0.0584215	1.9473833342393238e-05
0.327778	0.0533322	1.7777399470408757e-05
0.247778	0.0622344	2.0744800567626954e-05
0.207778	0.0707567	2.3585567871729534e-05
0.0492593	0.165732	5.5243998765945436e-05
0.129259	0.0931619	3.105396777391434e-05
0.169259	0.0799374	2.66457994778951e-05
0.0892593	0.117682	3.9227334161599476e-05
0.289259	0.0580759	1.9358633706967035e-05
0.329259	0.0533837	1.7794566849867503e-05
0.249259	0.0625378	2.0845932265122733e-05
0.209259	0.0691815	2.3060500621795655e-05
0.0507407	0.165052	5.501733223597209e-05
0.130741	0.0936204	3.120679905017217e-05
0.170741	0.078833	2.6277666290601095e-05
0.0907407	0.1168	3.893333425124486e-05
0.290741	0.0560789	1.8692966550588606e-05
0.330741	0.0536196	1.7873200277487438e-05
0.250741	0.0625119	2.0837299525737763e-05
0.210741	0.0709719	2.365729957818985e-05
0.0522222	0.159371	5.312366783618927e-05
0.132222	0.0908537	3.028456618388494e-05
0.172222	0.0788607	2.628690004348755e-05
0.0922222	0.115243	3.841433425744375e-05
0.292222	0.0574204	1.9140133013327918e-05
0.332222	0.0526952	1.756506661574046e-05
0.252222	0.0619804	2.0660133411486945e-05
0.212222	0.0696104	2.320346732934316e-05
0.0537037	0.156557	5.218566457430522e-05
0.133704	0.0903074	3.010246654351552e-05
0.173704	0.0783126	2.6104199389616647e-05
0.0937037	0.113638	3.7879332900047305e-05
0.293704	0.0578074	1.926913360754649e-05
0.333704	0.0527404	1.7580132931470872e-05
0.253704	0.061933	2.0644333213567735e-05
0.213704	0.0678919	2.26306344072024e-05
0.0551852	0.15507	5.169000228246053e-05
0.135185	0.0903937	3.0131233235200247e-05
0.175185	0.0779067	2.5968899329503377e-05
0.0951852	0.114917	3.830566753943761e-05
0.295185	0.0568556	1.8951866775751114e-05
0.335185	0.0538441	1.794803390900294e-05
0.255185	0.0613459	2.0448633780082067e-05
0.215185	0.0697559	2.3251965641975403e-05
0.0566667	0.15298	5.09933332602183e-05
0.136667	0.09202	3.067333251237869e-05
0.176667	0.0761878	2.5395932296911875e-05
0.0966667	0.110008	3.666933377583822e-05
0.296667	0.0568326	1.894420012831688e-05
0.336667	0.0528648	1.7621600379546483e-05
0.256667	0.06137	2.0456666747728984e-05
0.0581481	0.150695	5.023166537284851e-05
0.216667	0.0696244	2.32081338763237e-05
0.138148	0.0911033	3.0367766817410787e-05
0.178148	0.0762941	2.5431367258230847e-05
0.0981481	0.111473	3.715766717990239e-05
0.298148	0.0559956	1.8665199478467305e-05
0.338148	0.0529104	1.7636799563964207e-05
0.258148	0.0619126	2.063753331700961e-05
0.0596296	0.148548	4.951600233713786e-05
0.218148	0.0682022	2.2734065850575765e-05
0.13963	0.0900622	3.002073367436727e-05
0.17963	0.0786204	2.620679885149002e-05
0.0996296	0.108829	3.627633303403854e-05
0.29963	0.0564267	1.8808900068203607e-05
0.33963	0.0525548	1.7518267035484315e-05
0.0611111	0.14679	4.892999927202861e-05
0.25963	0.0616937	2.0564566055933634e-05
0.21963	0.0678819	2.2627299030621847e-05
0.141111	0.0881111	2.9370367527008056e-05
0.181111	0.076943	2.5647667547067005e-05
0.101111	0.108689	3.622966756423314e-05
0.301111	0.05624	1.8746666610240938e-05
0.341111	0.0521685	1.738949989279111e-05
0.0625926	0.143264	4.775466521581014e-05
0.261111	0.0620348	2.0678266882896422e-05
0.142593	0.0876641	2.9221365849177044e-05
0.221111	0.0674278	2.247593303521474e-05
0.182593	0.0762989	2.5432966649532317e-05
0.102593	0.108148	3.60493337114652e-05
0.302593	0.05512	1.8373332917690277e-05
0.342593	0.0532533	1.7751100162665048e-05
0.0640741	0.143201	4.7733664512634275e-05
0.144074	0.087663	2.9221000770727795e-05
0.262593	0.0615878	2.0529266446828843e-05
0.222593	0.0679341	2.2644701103369393e-05
0.184074	0.0752537	2.5084567566712696e-05
0.104074	0.107305	3.576833258072535e-05
0.304074	0.0551733	1.8391100068887076e-05
0.344074	0.0519326	1.731086646517118e-05
0.0655556	0.141307	4.710233211517334e-05
0.145556	0.0875252	2.9175065457820893e-05
0.264074	0.060393	2.0130999386310577e-05
0.224074	0.0665274	2.2175798813501993e-05
0.185556	0.0748374	2.494580050309499e-05
0.105556	0.106608	3.5536001125971474e-05
0.305556	0.056553	1.8850999573866526e-05
0.345556	0.0515681	1.7189366122086842e-05
0.067037	0.138473	4.6157668034235635e-05
0.147037	0.08698	2.899333337942759e-05
0.265556	0.0604322	2.014406646291415e-05
0.225556	0.0671885	2.2396167119344076e-05
0.187037	0.0742667	2.47555673122406e-05
0.107037	0.1037	3.456666568915049e-05
0.307037	0.0559919	1.8663966407378514e-05
0.0685185	0.13871	4.6236669023831684e-05
0.347037	0.0510733	1.7024433861176174e-05
0.148519	0.0850937	2.8364566465218863e-05
0.267037	0.0602841	2.0094700157642365e-05
0.227037	0.067003	2.233433226744334e-05
0.188519	0.0741859	2.4728633463382722e-05
0.108519	0.102409	3.41363325715065e-05
0.308519	0.0547144	1.8238133440415063e-05
0.348519	0.0516596	1.7219866315523782e-05
0.268519	0.0606874	2.0229133466879525e-05
0.228519	0.0649519	2.1650632222493488e-05
