0.03	0.175739	5.8579668402671816e-05
0.114	1.45594	0.00048531333605448407
0.198	17.6129	0.005870966593424479
0.282	4.18062	0.0013935400644938152
0.366	2.16958	0.0007231933275858561
0.032625	0.181948	6.06493353843689e-05
0.116625	1.7524	0.0005841333468755086
0.200625	16.2341	0.005411366780598959
0.284625	3.92025	0.001306749979654948
0.368625	2.0726	0.0006908666292826334
0.03525	0.184324	6.14413321018219e-05
0.11925	1.91209	0.0006373633146286011
0.20325	15.5255	0.005175166765848796
0.28725	3.97273	0.0013242433071136476
0.37125	2.0623	0.0006874333222707113
0.037875	0.200075	6.669166684150696e-05
0.121875	2.33458	0.0007781933148701985
0.205875	13.7381	0.004579366683959961
0.289875	3.79708	0.0012656933466593425
0.373875	2.08238	0.0006941266854604086
0.0405	0.202018	6.733933091163635e-05
0.1245	3.00087	0.001000289996465047
0.2085	12.771	0.0042569999694824215
0.2925	3.62478	0.0012082599798838298
0.3765	1.99603	0.0006653433243433635
0.043125	0.222628	7.420933246612549e-05
0.127125	3.28183	0.0010939433574676514
0.211125	12.4112	0.00413706652323405
0.295125	3.56563	0.0011885433197021485
0.379125	1.96626	0.0006554199854532877
0.04575	0.23717	7.905666530132294e-05
0.12975	3.80113	0.0012670433521270751
0.21375	11.6247	0.0038748998641967773
0.29775	3.36133	0.0011204433441162108
0.38175	1.97481	0.000658270001411438
0.048375	0.247553	8.251766860485077e-05
0.132375	5.49111	0.0018303699493408202
0.216375	11.5395	0.0038465000788370767
0.300375	3.42454	0.0011415133476257325
0.384375	1.87054	0.0006235133409500122
0.051	0.265495	8.849833408991496e-05
0.135	7.34971	0.00244990332921346
0.219	10.3758	0.0034586000442504883
0.303	3.44657	0.0011488566398620607
0.387	1.84426	0.0006147533257802328
0.053625	0.271838	9.061266978581746e-05
0.137625	8.83856	0.0029461867014567056
0.221625	9.75112	0.0032503732045491536
0.305625	3.23594	0.0010786466598510741
0.389625	1.91696	0.0006389866669972737
0.05625	0.287148	9.571599960327148e-05
0.14025	11.7947	0.0039315665562947594
0.22425	9.41396	0.0031379868189493816
0.30825	3.27029	0.001090096632639567
0.39225	1.83195	0.0006106499830881754
0.058875	0.296877	9.895899891853332e-05
0.142875	19.9311	0.0066437002817789715
0.226875	8.79266	0.0029308865865071616
0.310875	3.00531	0.00100177001953125
0.394875	1.80186	0.0006006199916203817
0.0615	0.313053	0.00010435100396474202
0.1455	30.8907	0.010296899795532227
0.2295	8.1784	0.002726133346557617
0.3135	3.17701	0.0010590033531188965
0.064125	0.332583	0.00011086100339889527
0.3975	1.80354	0.0006011799971262614
0.148125	43.1711	0.014390366872151693
0.232125	8.09528	0.0026984265645345054
0.316125	3.05141	0.0010171366532643637
0.06675	0.347714	0.00011590466896692911
0.400125	1.75106	0.0005836866696675619
0.15075	59.5327	0.01984423319498698
0.23475	7.69791	0.0025659699440002443
0.31875	2.84262	0.0009475399653116862
0.069375	0.377922	0.00012597399950027465
0.40275	1.71515	0.0005717166662216187
0.153375	75.5627	0.025187566121419272
0.237375	7.59914	0.0025330467224121095
0.072	0.414531	0.00013817699750264486
0.321375	2.85456	0.0009515199661254883
0.405375	1.72012	0.0005733733177185059
0.156	89.5941	0.029864700317382812
0.24	7.42245	0.002474150021870931
0.074625	0.417477	0.00013915900389353434
0.324	2.73191	0.0009106366634368897
0.408	1.71996	0.0005733199914296468
0.158625	76.2974	0.025432467142740885
0.242625	6.69946	0.0022331533432006835
0.07725	0.436683	0.00014556099971135456
0.326625	2.66569	0.0008885633150736491
0.410625	1.6812	0.0005604000091552734
0.16125	81.8759	0.027291966756184897
0.24525	6.46067	0.0021535566647847494
0.079875	0.492379	0.00016412633657455445
0.32925	2.68794	0.0008959799607594807
0.163875	80.1347	0.026711565653483073
0.41325	1.69117	0.0005637233257293701
0.247875	6.15219	0.002050730069478353
0.0825	0.487453	0.0001624843378861745
0.331875	2.68873	0.0008962433338165284
0.1665	69.0859	0.023028633117675782
0.415875	1.64083	0.0005469433466593424
0.2505	6.11461	0.002038203398386637
0.085125	0.513661	0.00017122034231821696
0.3345	2.55684	0.0008522799809773763
0.169125	58.2444	0.01941480000813802
0.4185	1.65824	0.0005527466535568237
0.253125	5.76834	0.0019227800369262696
0.08775	0.562507	0.00018750232458114623
0.337125	2.49954	0.0008331800301869711
0.17175	53.9896	0.017996533711751302
0.421125	1.5455	0.0005151666800181071
0.25575	5.63344	0.0018778133392333984
0.090375	0.625855	0.00020861834287643432
0.174375	44.9936	0.01499786631266276
0.33975	2.55016	0.0008500533103942871
0.42375	1.57144	0.0005238133271535238
0.258375	5.11649	0.001705496629079183
0.093	0.639294	0.0002130980094273885
0.177	41.4139	0.013804632822672526
0.342375	2.47924	0.0008264133135477702
0.426375	1.54051	0.000513503352801005
0.095625	0.739452	0.0002464840014775594
0.261	5.15135	0.001717116673787435
0.179625	34.6408	0.01154693349202474
0.345	2.3702	0.0007900666395823161
0.429	1.54883	0.0005162766774495442
0.09825	0.784929	0.00026164299249649046
0.263625	4.89073	0.0016302433013916015
0.18225	32.0139	0.010671300252278646
0.347625	2.41822	0.0008060733477274576
0.431625	1.47388	0.0004912933508555094
0.100875	0.832387	0.0002774623235066732
0.26625	4.74017	0.001580056667327881
0.184875	28.6759	0.009558633168538411
0.35025	2.31528	0.0007717599868774414
0.43425	1.50594	0.0005019799868265787
0.1035	0.954928	0.0003183093269666036
0.268875	4.81105	0.0016036833127339681
0.1875	24.5999	0.008199966430664063
0.352875	2.37176	0.0007905866305033366
0.436875	1.43494	0.0004783133268356323
0.106125	1.02105	0.0003403499921162923
0.2715	4.66138	0.0015537932713826498
0.190125	23.9806	0.007993533452351887
0.3555	2.20538	0.0007351266543070476
0.10875	1.17051	0.0003901700178782145
0.4395	1.50448	0.0005014933347702027
0.274125	4.39518	0.0014650600751241049
0.19275	21.0947	0.0070315666198730465
0.358125	2.23122	0.0007437400023142497
0.111375	1.31995	0.000439983328183492
0.442125	1.46681	0.0004889366626739501
0.27675	4.34446	0.0014481533368428548
0.195375	19.4734	0.006491133371988932
0.36075	2.19544	0.0007318133513132731
0.44475	1.41475	0.0004715833266576131
0.279375	4.18784	0.0013959466616312662
0.363375	2.13644	0.0007121466795603434
0.447375	1.42038	0.00047345999876658123
