0.03	0.248316	8.277200162410736e-05
0.088	1.07834	0.0003594466845194499
0.146	93.5982	0.03119939931233724
0.204	9.71007	0.003236689885457357
0.262	4.41941	0.0014731367429097495
0.0318125	0.261803	8.726766705513001e-05
0.0898125	1.15062	0.0003835399945576986
0.147813	82.3064	0.027435465494791665
0.205813	9.78725	0.0032624165217081708
0.263813	4.25097	0.0014169899622599284
0.033625	0.267326	8.910866578420003e-05
0.091625	1.25908	0.00041969335079193116
0.149625	73.413	0.02447100067138672
0.207625	9.36209	0.003120696703592936
0.265625	4.11171	0.0013705700238545735
0.0354375	0.28242	9.414000312487284e-05
0.0934375	1.39794	0.0004659800132115682
0.151438	67.3294	0.02244313303629557
0.209438	9.25854	0.003086180051167806
0.267438	4.04323	0.0013477433522542318
0.03725	0.286044	9.534800052642822e-05
0.09525	1.52219	0.000507396658261617
0.15325	60.7968	0.020265599568684897
0.21125	8.49201	0.0028306700388590496
0.26925	3.90913	0.0013030433654785155
0.0390625	0.298742	9.958066542943319e-05
0.0970625	1.60806	0.0005360200007756552
0.155063	51.5051	0.01716836675008138
0.213063	8.36992	0.0027899732589721678
0.271063	4.12364	0.0013745466868082682
0.040875	0.307116	0.00010237200061480205
0.098875	1.70267	0.0005675566593805949
0.156875	49.4646	0.016488199869791668
0.214875	8.18455	0.002728183428446452
0.272875	3.80836	0.0012694533665974935
0.0426875	0.324861	0.00010828699668248494
0.100688	2.07538	0.0006917933622996012
0.158688	43.8052	0.014601732889811198
0.216688	7.86981	0.002623270034790039
0.274688	3.75947	0.0012531566619873047
0.0445	0.341711	0.00011390367150306702
0.1025	2.23487	0.000744956652323405
0.1605	40.3178	0.013439266204833985
0.2185	7.59655	0.0025321833292643228
0.2765	3.73564	0.0012452133496602376
0.0463125	0.346166	0.00011538867155710856
0.104313	2.41224	0.0008040800094604492
0.162313	35.4459	0.011815299987792969
0.220313	7.33663	0.0024455432891845705
0.278313	3.68315	0.0012277166843414308
0.048125	0.350979	0.00011699300010999044
0.106125	2.65892	0.0008863066832224528
0.164125	34.8328	0.011610933939615885
0.222125	7.22835	0.0024094500541687013
0.280125	3.68369	0.0012278966903686522
0.0499375	0.373787	0.00012459566195805868
0.107938	3.17784	0.001059279998143514
0.165938	29.839	0.009946333567301431
0.223938	7.05406	0.002351353327433268
0.281938	3.29178	0.0010972599983215332
0.05175	0.381235	0.00012707833449045818
0.10975	3.60964	0.0012032132943471273
0.16775	28.0047	0.00933489990234375
0.22575	6.88109	0.0022936967213948566
0.28375	3.44718	0.001149060010910034
0.0535625	0.400106	0.00013336867094039916
0.111563	4.21797	0.00140598996480306
0.169563	26.8326	0.008944199879964193
0.227563	6.5815	0.0021938333511352538
0.285563	3.56099	0.0011869966983795166
0.055375	0.419781	0.0001399269998073578
0.113375	5.02937	0.0016764566103617351
0.171375	24.344	0.008114666620890299
0.229375	6.11131	0.0020371033350626627
0.287375	3.46309	0.0011543633143107097
0.0571875	0.434672	0.0001448906660079956
0.115188	5.88271	0.0019609033266703288
0.173188	23.4457	0.00781523323059082
0.231188	6.2403	0.0020801000595092774
0.289188	3.31309	0.0011043633619944255
0.059	0.433445	0.00014448166886965434
0.117	6.30249	0.002100830078125
0.175	21.8071	0.007269033432006836
0.233	6.01447	0.002004823366800944
0.291	3.2405	0.0010801666577657063
0.0608125	0.483111	0.00016103699803352356
0.118813	10.4982	0.0034994001388549806
0.176813	20.3523	0.0067841002146403
0.234813	5.99994	0.0019999799728393553
0.062625	0.503853	0.00016795100768407186
0.292813	3.2811	0.0010937000115712483
0.120625	11.3017	0.0037672332127889
0.178625	18.7287	0.006242900212605794
0.236625	5.92629	0.0019754300117492676
0.0644375	0.511217	0.00017040566603342692
0.294625	3.32236	0.0011074533462524414
0.122438	16.2926	0.005430866877237955
0.180438	17.1071	0.005702366511027018
0.238438	5.84552	0.0019485066731770833
0.06625	0.56057	0.00018685666720072428
0.296438	3.0926	0.0010308667023976644
0.12425	16.302	0.0054340000152587895
0.18225	16.439	0.005479666392008463
0.0680625	0.5711	0.00019036666552225747
0.24025	5.33812	0.001779373327891032
0.29825	3.09682	0.0010322733720143635
0.126063	29.5701	0.00985670026143392
0.184063	16.1135	0.005371166865030925
0.069875	0.585034	0.00019501133759816487
0.242063	5.33798	0.001779326597849528
0.300063	3.05245	0.0010174833138783773
0.127875	38.499	0.012833000183105469
0.185875	15.2963	0.005098766644795735
0.0716875	0.646328	0.0002154426574707031
0.243875	5.25915	0.0017530500094095865
0.129688	58.2116	0.01940386708577474
0.301875	3.0555	0.001018500010172526
0.187688	14.6792	0.004893066724141438
0.0735	0.646564	0.00021552133560180664
0.245688	5.17413	0.0017247099876403808
0.1315	60.7276	0.020242533365885416
0.303687	2.96247	0.0009874900182088215
0.1895	13.9612	0.004653733253479004
0.0753125	0.698273	0.00023275766770044964
0.2475	5.06551	0.0016885032653808593
0.133313	85.9627	0.02865423329671224
0.3055	3.00622	0.001002073367436727
0.191313	12.9511	0.004317033449808757
0.077125	0.743258	0.0002477526664733887
0.249313	4.94931	0.0016497699419657388
0.135125	106.198	0.035399332682291666
0.307313	2.83391	0.0009446366628011068
0.193125	12.4415	0.004147166570027669
0.0789375	0.788029	0.0002626763383547465
0.251125	5.02034	0.0016734466552734376
0.136938	112.385	0.03746166737874349
0.309125	2.85047	0.0009501566886901856
0.194938	12.1227	0.004040899912516276
0.08075	0.799529	0.0002665096720059713
0.252938	4.90597	0.0016353233655293782
0.13875	118.552	0.039517333984375
0.310938	2.86934	0.000956446647644043
0.19675	11.8798	0.003959933280944824
0.0825625	0.883116	0.0002943720022837321
0.140563	116.918	0.038972666422526045
0.25475	4.66188	0.0015539600054423014
0.31275	2.69653	0.0008988433678944906
0.084375	0.935165	0.000311721662680308
0.198563	11.3211	0.0037737000783284506
0.142375	109.897	0.03663233439127604
0.256563	4.49885	0.0014996166229248047
0.314563	2.65834	0.0008861133257548014
0.0861875	0.972026	0.00032400866349538166
0.200375	10.7878	0.0035959332784016927
0.144188	105.66	0.03522000122070312
0.258375	4.45421	0.0014847366015116373
0.316375	2.57727	0.0008590900103251139
0.202188	10.3137	0.003437899907430013
0.260188	4.61552	0.0015385066668192546
0.318188	2.6491	0.0008830333550771078
