0.03	0.267357	8.91189972559611e-05
0.11	3.18583	0.0010619433720906576
0.07	0.613451	0.0002044836680094401
0.15	17.0808	0.005693599700927734
0.27	3.92178	0.001307260036468506
0.31	2.80266	0.0009342199961344401
0.23	6.02681	0.0020089367230733237
0.19	11.2111	0.003737033208211263
0.0314815	0.260027	8.667566378911336e-05
0.111481	3.85088	0.0012836266358693441
0.0714815	0.625562	0.00020852067073186237
0.151481	16.9498	0.005649933497111003
0.271481	3.83641	0.0012788033485412597
0.311481	2.78916	0.0009297200043996175
0.191481	10.7894	0.0035964667002360024
0.231481	5.991	0.0019970000584920247
0.032963	0.263869	8.795632918675741e-05
0.112963	3.90295	0.0013009833494822185
0.072963	0.614703	0.00020490099986394248
0.152963	17.5695	0.005856499989827474
0.272963	3.79799	0.0012659966945648194
0.312963	2.72768	0.000909226655960083
0.192963	10.7003	0.0035667667388916014
0.232963	6.01239	0.0020041300455729168
0.0344444	0.2656	8.853333195050558e-05
0.114444	3.77078	0.001256926695505778
0.154444	17.3835	0.005794499715169271
0.0744444	0.673671	0.00022455700238545735
0.274444	3.73449	0.0012448299725850423
0.314444	2.71681	0.0009056033293406169
0.234444	5.69631	0.001898770014444987
0.194444	10.3807	0.0034602333704630535
0.0359259	0.279282	9.309400121370951e-05
0.115926	4.98194	0.0016606465975443523
0.155926	17.2158	0.00573859977722168
0.0759259	0.701592	0.00023386400938034058
0.275926	3.62843	0.0012094766298929851
0.315926	2.68636	0.0008954532941182454
0.235926	5.55158	0.0018505266507466635
0.195926	10.2417	0.003413900057474772
0.0374074	0.291979	9.732633829116821e-05
0.117407	5.03885	0.0016796166102091472
0.157407	17.5211	0.005840366363525391
0.0774074	0.711907	0.00023730234305063884
0.277407	3.53412	0.0011780400276184082
0.317407	2.68104	0.0008936800161997477
0.197407	10.1718	0.0033905998865763347
0.237407	5.4394	0.001813133398691813
0.0388889	0.287897	9.596566359202067e-05
0.118889	5.75896	0.0019196532567342123
0.158889	17.2008	0.0057335999806722
0.278889	3.54074	0.001180246671040853
0.0788889	0.877463	0.0002924876610438029
0.318889	2.5936	0.0008645333449045817
0.0403704	0.324996	0.00010833199818929037
0.198889	9.72699	0.003242329915364583
0.238889	5.57161	0.0018572033246358236
0.12037	6.13039	0.002043463389078776
0.16037	16.7302	0.005576733271280924
0.28037	3.57006	0.001190020004908244
0.0803704	0.878309	0.0002927696704864502
0.32037	2.5722	0.0008574000199635824
0.0418519	0.314136	0.00010471199949582418
0.20037	9.24988	0.0030832932790120443
0.121852	6.88396	0.0022946532567342122
0.161852	16.7042	0.005568066914876302
0.24037	5.15023	0.0017167433102925618
0.281852	3.42737	0.0011424566904703775
0.0818519	0.90737	0.00030245665709177654
0.321852	2.54757	0.0008491899967193603
0.0433333	0.31698	0.0001056600014368693
0.123333	7.42773	0.0024759100278218585
0.163333	17.2254	0.005741800308227539
0.283333	3.32696	0.0011089866956075032
0.201852	8.82225	0.0029407501220703124
0.241852	5.30917	0.0017697232564290364
0.0833333	0.987111	0.0003290369908014933
0.323333	2.5164	0.000838800032933553
0.0448148	0.314305	0.00010476833581924438
0.124815	7.64221	0.0025474033355712892
0.164815	16.6607	0.005553566614786784
0.284815	3.34233	0.001114109992980957
0.203333	9.02624	0.0030087467829386393
0.243333	5.10963	0.0017032100359598795
0.0848148	0.949311	0.0003164370059967041
0.0462963	0.344439	0.00011481299996376038
0.324815	2.39484	0.0007982800006866455
0.126296	9.04201	0.0030140034357706708
0.166296	16.0254	0.005341800053914388
0.286296	3.28725	0.0010957500139872232
0.204815	8.76741	0.0029224700927734373
0.0862963	1.08573	0.00036190998554229734
0.244815	5.04899	0.0016829965909322103
0.0477778	0.364936	0.00012164533138275146
0.326296	2.5052	0.0008350666364034017
0.127778	9.28596	0.0030953200658162434
0.167778	16.1683	0.0053894335428873695
0.287778	3.24353	0.0010811766783396402
0.0877778	1.05919	0.00035306334495544434
0.206296	8.73148	0.0029104932149251303
0.0492593	0.373031	0.00012434366345405578
0.246296	5.03224	0.00167741330464681
0.129259	9.68475	0.0032282498677571616
0.327778	2.44991	0.0008166366418202718
0.169259	16.3107	0.005436899820963541
0.289259	3.19517	0.0010650566418965658
0.0892593	1.1136	0.0003712000052134196
0.0507407	0.375937	0.0001253123382727305
0.207778	8.32723	0.0027757434844970703
0.130741	11.1613	0.003720433235168457
0.247778	4.70241	0.0015674700736999512
0.329259	2.49941	0.0008331366380055745
0.170741	15.0833	0.005027766545613607
0.290741	3.10143	0.0010338099797566733
0.0907407	1.24812	0.00041603998343149823
0.0522222	0.40265	0.00013421666622161866
0.209259	8.37244	0.002790813446044922
0.132222	11.1132	0.003704400062561035
0.172222	15.0761	0.00502536678314209
0.330741	2.41033	0.0008034433523813883
0.249259	4.7985	0.001599500020345052
0.292222	3.05593	0.001018643299738566
0.0537037	0.403904	0.000134634663661321
0.0922222	1.27804	0.0004260133504867554
0.133704	11.6167	0.0038722333908081056
0.210741	8.20473	0.002734910011291504
0.173704	14.3459	0.00478196652730306
0.332222	2.40486	0.0008016200065612793
0.250741	4.80808	0.0016026933987935384
0.0551852	0.399144	0.00013304799795150758
0.293704	3.21571	0.0010719033082326253
0.0937037	1.392	0.00046399998664855955
0.135185	12.5349	0.004178299903869629
0.175185	14.2196	0.004739866574605306
0.212222	7.56897	0.002522990067799886
0.333704	2.30438	0.000768126646677653
0.252222	4.65264	0.001550879955291748
0.0566667	0.452985	0.00015099499622980755
0.295185	2.99165	0.0009972167015075684
0.0951852	1.48604	0.0004953466653823853
0.136667	13.8204	0.004606800079345703
0.176667	13.6672	0.004555733362833659
0.213704	7.56188	0.002520626703898112
0.335185	2.31522	0.0007717400391896565
0.253704	4.69658	0.0015655266443888346
0.0581481	0.451843	0.0001506143311659495
0.0966667	1.58499	0.0005283300081888834
0.296667	3.01358	0.001004526694615682
0.138148	13.8828	0.004627600034077963
0.178148	13.7018	0.0045672667821248375
0.215185	7.16756	0.00238918670018514
0.336667	2.36073	0.0007869099775950114
0.0596296	0.457319	0.00015243966380755106
0.255185	4.59574	0.0015319132804870606
0.0981481	1.62589	0.0005419633388519287
0.13963	14.0516	0.004683866818745931
0.298148	2.9895	0.000996500015258789
0.17963	13.3251	0.004441699981689453
0.338148	2.26658	0.0007555267016092936
0.216667	7.38414	0.0024613800048828125
0.0611111	0.472073	0.00015735766291618346
0.256667	4.3347	0.0014449000358581544
0.0996296	1.82053	0.00060684335231781
0.141111	14.4785	0.004826166788736979
0.181111	13.1525	0.0043841667175292965
0.29963	2.94692	0.0009823066393534342
0.33963	2.27065	0.0007568833033243815
0.218148	7.16593	0.002388643264770508
0.0625926	0.475933	0.00015864432851473491
0.258148	4.20865	0.0014028833707173665
0.101111	2.11971	0.0007065699895222982
0.142593	15.7928	0.005264266649881999
0.182593	12.8385	0.004279500007629395
0.301111	3.06341	0.0010211366812388101
0.341111	2.29553	0.0007651766935984293
0.0640741	0.491969	0.00016398966312408447
0.21963	6.85679	0.00228559668858846
0.25963	4.35205	0.0014506832758585612
0.102593	2.06648	0.0006888266404469808
0.144074	16.4532	0.005484399795532227
0.184074	12.3834	0.004127799987792969
0.302593	2.96781	0.0009892699718475342
0.0655556	0.540484	0.00018016133705774944
0.342593	2.18399	0.0007279966672261556
0.221111	6.99395	0.002331316630045573
0.261111	4.23593	0.0014119766553243001
0.145556	16.8351	0.005611700057983398
0.104074	2.34856	0.000782853364944458
0.185556	11.8554	0.003951800028483073
0.304074	2.92361	0.0009745366573333741
0.067037	0.53237	0.00017745665709177654
0.344074	2.20674	0.0007355799674987793
0.222593	6.74264	0.002247546672821045
0.147037	16.7657	0.005588566462198893
0.262593	4.19744	0.0013991467157999675
0.187037	11.9921	0.003997366587320963
0.105556	2.44504	0.000815013329188029
0.0685185	0.599306	0.00019976866245269775
0.305556	2.89727	0.0009657566547393799
0.345556	2.15959	0.0007198633352915446
0.148519	16.9922	0.005664066950480143
0.224074	6.54351	0.0021811699867248535
0.188519	11.6071	0.003869033177693685
0.107037	2.87686	0.0009589533011118571
0.264074	4.12961	0.0013765366872151694
0.307037	2.86416	0.0009547200202941894
0.347037	2.15286	0.0007176199754079182
0.225556	6.25757	0.002085856596628825
0.108519	2.82973	0.0009432433446248372
0.265556	3.9116	0.001303866704305013
0.308519	2.82865	0.0009428833325703939
0.348519	2.04851	0.0006828366915384928
0.227037	6.31089	0.0021036300659179686
0.267037	3.97951	0.0013265033562978108
0.228519	6.24426	0.0020814199447631836
0.268519	3.88245	0.0012941500345865886
