0.03	0.109934	3.6644667387008664e-05
0.088	0.369601	0.00012320033709208172
0.146	3.45526	0.0011517533461252848
0.204	26.1115	0.00870383326212565
0.262	6.3634	0.002121133327484131
0.0318125	0.115974	3.865800052881241e-05
0.0898125	0.386236	0.00012874533732732136
0.147813	3.93225	0.0013107500076293946
0.205813	23.9055	0.007968500137329101
0.263813	6.24623	0.0020820767084757485
0.033625	0.118001	3.9333666364351906e-05
0.091625	0.392792	0.00013093066215515137
0.149625	5.41481	0.0018049367268880207
0.207625	23.5859	0.007861966451009115
0.265625	6.13354	0.0020445133845011392
0.0354375	0.127795	4.2598331967989604e-05
0.0934375	0.410597	0.00013686566551526387
0.151438	6.19854	0.0020661800702412923
0.209438	21.0945	0.007031499862670898
0.267438	5.95482	0.0019849400520324705
0.03725	0.132101	4.4033666451772055e-05
0.09525	0.439187	0.0001463956634203593
0.15325	6.5818	0.002193933327992757
0.21125	19.8502	0.006616733551025391
0.26925	5.62111	0.0018737033208211264
0.0390625	0.135114	4.5037999749183656e-05
0.0970625	0.451133	0.0001503776709238688
0.155063	8.2232	0.002741066614786784
0.213063	19.2249	0.006408299763997396
0.271063	5.52839	0.0018427966435750325
0.040875	0.144865	4.82883354028066e-05
0.098875	0.481409	0.00016046967109044393
0.156875	11.7747	0.00392490005493164
0.214875	17.6884	0.005896133422851562
0.272875	5.30783	0.0017692766189575195
0.0426875	0.143856	4.7952001293500264e-05
0.100688	0.497297	0.00016576566298802693
0.158688	12.7466	0.004248866717020671
0.216688	16.8544	0.005618133544921875
0.274688	5.34619	0.0017820633252461752
0.0445	0.154224	5.140799780686696e-05
0.1025	0.506605	0.00016886834303538005
0.1605	33.0636	0.011021199544270834
0.2185	15.5106	0.005170200030008952
0.2765	5.20435	0.0017347833315531412
0.0463125	0.155656	5.1885331670443214e-05
0.104313	0.527825	0.00017594166596730551
0.162313	30.7764	0.010258799870808919
0.220313	14.7622	0.004920733451843262
0.278313	5.15114	0.0017170467376708984
0.048125	0.169668	5.655600130558014e-05
0.106125	0.585191	0.00019506367047627767
0.164125	46.1954	0.01539846674601237
0.222125	14.2947	0.004764899889628092
0.280125	4.86807	0.0016226900418599447
0.0499375	0.171931	5.731033285458883e-05
0.107938	0.605558	0.0002018526593844096
0.165938	50.4873	0.016829100290934245
0.223938	13.8101	0.004603366533915202
0.281938	4.94034	0.0016467800140380858
0.05175	0.181326	6.04420006275177e-05
0.10975	0.633643	0.00021121432383855183
0.16775	72.7509	0.02425030008951823
0.22575	12.8812	0.004293733278910319
0.28375	4.60141	0.0015338033040364584
0.0535625	0.18143	6.047666569550832e-05
0.111563	0.676305	0.00022543499867121378
0.169563	85.9252	0.02864173380533854
0.227563	12.1857	0.004061900138854981
0.285563	4.58457	0.0015281899770100912
0.055375	0.192493	6.41643355290095e-05
0.113375	0.71557	0.0002385233243306478
0.171375	112.392	0.03746399943033854
0.229375	11.895	0.003965000152587891
0.287375	4.50219	0.001500730037689209
0.0571875	0.203351	6.77836686372757e-05
0.115188	0.751164	0.0002503880063692729
0.173188	116.2	0.038733332316080726
0.231188	11.3786	0.0037928667068481445
0.059	0.200629	6.687633196512858e-05
0.289188	4.54827	0.0015160900751749675
0.117	0.798893	0.0002662976582845052
0.175	119.282	0.03976066589355469
0.233	11.093	0.003697666803995768
0.0608125	0.211995	7.066500186920165e-05
0.291	4.25931	0.0014197699228922526
0.118813	0.849077	0.0002830256621042887
0.176813	113.777	0.037925666809082034
0.234813	10.1745	0.003391500155131022
0.062625	0.217704	7.256799936294556e-05
0.292813	4.32698	0.0014423267046610514
0.120625	0.881619	0.00029387299219767253
0.178625	108.507	0.036169001261393226
0.236625	9.62138	0.003207126617431641
0.0644375	0.227014	7.567133506139119e-05
0.122438	0.971868	0.00032395599285761514
0.294625	4.1271	0.0013756999969482423
0.180438	96.2701	0.03209003448486328
0.238438	9.55387	0.00318462340037028
0.06625	0.232823	7.760766645272573e-05
0.12425	1.01258	0.00033752667903900145
0.296438	4.10054	0.0013668467203776043
0.18225	85.229	0.02840966542561849
0.24025	9.14076	0.00304692014058431
0.0680625	0.241496	8.049866557121277e-05
0.126063	1.10058	0.00036685999234517417
0.29825	3.96517	0.0013217233022054036
0.184063	77.0061	0.025668701171875
0.069875	0.255023	8.50076675415039e-05
0.242063	9.34843	0.003116143226623535
0.127875	1.21286	0.0004042866627375285
0.300063	3.80562	0.0012685399850209554
0.185875	68.8055	0.022935165405273437
0.0716875	0.264414	8.81380041440328e-05
0.243875	8.81746	0.0029391533533732095
0.129688	1.30751	0.00043583667278289796
0.301875	3.86607	0.0012886900107065837
0.187688	59.8059	0.01993530019124349
0.0735	0.269737	8.991233507792155e-05
0.245688	8.24579	0.002748596509297689
0.1315	1.41118	0.00047039333979288734
0.303687	3.78786	0.0012626199722290039
0.1895	54.7243	0.01824143346150716
0.0753125	0.274328	9.144266446431478e-05
0.2475	8.24297	0.00274765682220459
0.133313	1.60951	0.0005365033149719238
0.3055	3.88158	0.0012938600381215413
0.191313	46.9275	0.01564250055948893
0.077125	0.296389	9.879633784294128e-05
0.249313	7.81814	0.002606046676635742
0.135125	1.63958	0.0005465266704559326
0.307313	3.6693	0.0012231000264485677
0.193125	41.5382	0.01384606679280599
0.0789375	0.306753	0.00010225100318590799
0.251125	7.58006	0.002526686668395996
0.136938	1.93268	0.0006442266702651977
0.309125	3.63009	0.0012100299994150798
0.194938	39.2426	0.013080866495768229
0.08075	0.323641	0.00010788033405939738
0.252938	7.1197	0.0023732333183288574
0.13875	2.20455	0.00073485000928243
0.310938	3.54502	0.0011816733678181965
0.19675	35.9565	0.01198550033569336
0.0825625	0.323723	0.00010790766278902689
0.140563	2.39711	0.0007990366617838542
0.25475	7.06182	0.0023539400100708006
0.31275	3.40589	0.0011352966626485188
0.198563	31.7414	0.010580466588338217
0.084375	0.330395	0.00011013167103131612
0.142375	2.67525	0.0008917500178019206
0.256563	6.79125	0.0022637500762939453
0.314563	3.44321	0.0011477366288503012
0.200375	29.692	0.009897333145141601
0.0861875	0.337567	0.00011252233386039734
0.144188	3.01583	0.0010052766799926757
0.258375	6.86425	0.0022880833943684895
0.316375	3.36912	0.001123039960861206
0.202188	28.5844	0.009528133392333984
0.260188	6.37316	0.0021243866284688315
0.318188	3.35625	0.0011187500158945719
