0.03	0.256736	8.557867010434468e-05
0.11	3.67649	0.0012254966894785562
0.07	0.612514	0.00020417133967081706
0.15	34.6749	0.011558300018310546
0.27	3.73055	0.0012435166835784912
0.31	2.73005	0.0009100166956583659
0.23	6.33968	0.0021132267316182453
0.19	13.1548	0.004384933471679687
0.0314815	0.257243	8.574766914049784e-05
0.111481	3.8509	0.001283633311589559
0.0714815	0.626667	0.00020888900756835938
0.151481	34.0035	0.011334500630696614
0.271481	3.91613	0.0013053766886393229
0.311481	2.83016	0.0009433866341908773
0.191481	12.9604	0.004320133209228516
0.231481	6.20106	0.002067019939422607
0.032963	0.268151	8.938366174697876e-05
0.112963	5.02939	0.0016764632860819498
0.072963	0.650003	0.00021666767199834188
0.152963	33.3795	0.011126500447591146
0.272963	3.99071	0.0013302366733551026
0.312963	2.73853	0.0009128433068593343
0.192963	12.4485	0.004149499893188476
0.232963	6.18967	0.002063223361968994
0.0344444	0.276854	9.228466947873433e-05
0.114444	4.97487	0.0016582900683085125
0.0744444	0.681432	0.00022714400291442871
0.154444	32.3675	0.010789166768391928
0.274444	3.73979	0.0012465966542561848
0.314444	2.71681	0.0009056033293406169
0.194444	11.773	0.003924333254496257
0.234444	5.98988	0.001996626694997152
0.0359259	0.286003	9.533433119455974e-05
0.0759259	0.726905	0.0002423016627629598
0.115926	5.97025	0.001990083376566569
0.155926	32.4198	0.010806599934895833
0.275926	3.74581	0.001248603343963623
0.315926	2.72417	0.000908056656519572
0.195926	11.389	0.0037963333129882814
0.235926	5.69632	0.0018987733523050945
0.0374074	0.292364	9.745466709136963e-05
0.0774074	0.788767	0.00026292232672373456
0.117407	7.0304	0.002343466599782308
0.157407	31.0738	0.010357933044433594
0.277407	3.69151	0.0012305033206939696
0.317407	2.66656	0.0008888533115386963
0.197407	10.7338	0.0035779333114624025
0.237407	5.677	0.0018923333485921223
0.0388889	0.296736	9.891200065612793e-05
0.118889	7.63124	0.0025437466303507485
0.0788889	0.798799	0.00026626632610956825
0.158889	28.5337	0.009511233647664388
0.278889	3.67917	0.0012263899644215902
0.318889	2.52209	0.0008406966527303059
0.198889	10.6479	0.0035492998758951825
0.238889	5.42239	0.0018074633280436199
0.0403704	0.309153	0.00010305099685986837
0.12037	8.50874	0.0028362468083699545
0.0803704	0.791144	0.00026371467113494874
0.16037	28.9103	0.00963676643371582
0.28037	3.57471	0.001191569964090983
0.32037	2.57991	0.0008599700133005778
0.20037	10.1194	0.003373133341471354
0.24037	5.21849	0.0017394967079162598
0.0418519	0.309468	0.00010315600037574768
0.121852	10.1025	0.0033674999872843423
0.0818519	0.831697	0.00027723232905069986
0.161852	27.9143	0.0093047669728597
0.281852	3.47027	0.0011567566394805908
0.321852	2.56272	0.0008542400201161703
0.201852	10.13	0.0033766667048136393
0.241852	5.33758	0.00177919340133667
0.0433333	0.330361	0.00011012033621470134
0.123333	11.9666	0.0039888668060302735
0.0833333	0.921852	0.00030728399753570556
0.163333	26.9399	0.008979966481526692
0.283333	3.51084	0.0011702799797058106
0.323333	2.47936	0.0008264533678690592
0.203333	9.60443	0.0032014767328898113
0.243333	5.37278	0.0017909266153971354
0.0448148	0.344017	0.00011467233300209045
0.124815	13.8789	0.004626299858093262
0.0848148	0.920155	0.0003067183295885722
0.164815	25.7362	0.008578733444213867
0.284815	3.47243	0.0011574766635894776
0.324815	2.49622	0.0008320733706156413
0.204815	9.44362	0.0031478732426961265
0.244815	4.95952	0.001653173287709554
0.0462963	0.358516	0.00011950533588727316
0.126296	15.3995	0.005133166631062826
0.0862963	1.01786	0.0003392866849899292
0.166296	25.1365	0.008378833134969076
0.286296	3.35475	0.0011182499726613362
0.326296	2.48146	0.0008271533648173014
0.206296	8.8764	0.0029587999979654948
0.246296	5.03867	0.001679556687672933
0.0477778	0.357421	0.00011914033691088359
0.127778	16.3521	0.005450700124104818
0.0877778	1.10516	0.00036838666598002114
0.167778	23.3826	0.007794200261433919
0.327778	2.42297	0.0008076566855112711
0.287778	3.4678	0.0011559333006540935
0.207778	8.85056	0.0029501867294311522
0.247778	4.89291	0.001630970001220703
0.0492593	0.367751	0.00012258366743723553
0.129259	18.1935	0.006064500172932943
0.0892593	1.11913	0.0003730433384577433
0.169259	21.9869	0.007328966776529948
0.289259	3.24278	0.0010809266567230224
0.329259	2.43234	0.0008107799688975016
0.209259	8.85701	0.0029523366292317707
0.249259	4.87286	0.0016242866516113282
0.0507407	0.384315	0.00012810500462849935
0.130741	20.9555	0.006985166549682617
0.0907407	1.20791	0.0004026366472244263
0.170741	21.5845	0.007194833119710286
0.290741	3.2523	0.0010841000080108643
0.330741	2.404	0.0008013333479563395
0.210741	8.70435	0.0029014501571655274
0.250741	4.72193	0.0015739766756693522
0.0522222	0.391553	0.00013051767150561015
0.132222	22.4948	0.007498266855875651
0.0922222	1.25038	0.0004167933464050293
0.172222	20.2247	0.0067415669759114585
0.292222	3.18257	0.0010608566602071127
0.332222	2.35564	0.0007852133115132649
0.212222	8.37708	0.002792359987894694
0.252222	4.79447	0.0015981566111246744
0.0537037	0.413899	0.0001379663348197937
0.133704	25.2763	0.008425433476765951
0.0937037	1.45212	0.00048403998215993245
0.173704	19.1918	0.0063972663879394535
0.293704	3.17287	0.0010576233069101968
0.333704	2.37969	0.0007932299772898357
0.213704	7.94479	0.0026482632954915363
0.253704	4.74977	0.001583256721496582
0.0551852	0.42301	0.00014100333054860434
0.135185	27.6481	0.009216033299763997
0.0951852	1.46318	0.0004877266486485799
0.175185	18.9564	0.00631879997253418
0.295185	3.14323	0.001047743320465088
0.335185	2.28664	0.0007622133096059163
0.215185	7.95576	0.002651920000712077
0.0566667	0.435464	0.00014515466491381329
0.255185	4.44561	0.0014818700154622395
0.136667	28.5445	0.009514833450317383
0.0966667	1.67865	0.0005595500071843466
0.176667	18.7537	0.006251233418782552
0.296667	3.02535	0.0010084500312805176
0.336667	2.31757	0.0007725233236948649
0.216667	7.65496	0.0025516533851623535
0.0581481	0.439742	0.00014658066630363463
0.256667	4.44505	0.0014816832542419434
0.138148	29.6927	0.009897566477457683
0.0981481	1.61153	0.0005371766487757365
0.178148	17.8055	0.005935166676839193
0.298148	3.06171	0.0010205699602762858
0.338148	2.28769	0.0007625633080800375
0.218148	7.52805	0.0025093499819437664
0.0596296	0.456487	0.00015216233332951865
0.258148	4.44701	0.001482336680094401
0.13963	32.5022	0.01083406702677409
0.0996296	2.20852	0.0007361733118693034
0.17963	16.5939	0.005531300226847331
0.29963	3.18423	0.0010614100297292074
0.33963	2.22578	0.0007419266700744629
0.0611111	0.467027	0.00015567566951115927
0.21963	7.15954	0.002386513392130534
0.141111	34.3654	0.011455132802327473
0.25963	4.37831	0.0014594367345174154
0.101111	2.06367	0.0006878899733225505
0.181111	16.0933	0.005364433288574218
0.301111	2.92056	0.0009735199610392253
0.341111	2.27862	0.0007595400015513103
0.0625926	0.509112	0.00016970400015513102
0.221111	7.15642	0.002385473410288493
0.142593	34.2368	0.011412267049153647
0.102593	2.11675	0.0007055833339691162
0.261111	4.3188	0.0014395999908447265
0.182593	15.4525	0.005150833447774251
0.302593	3.01672	0.001005573352177938
0.342593	2.17589	0.0007252966562906901
0.0640741	0.522479	0.00017415966590245564
0.222593	6.87662	0.002292206605275472
0.144074	35.8277	0.011942567189534506
0.104074	2.2408	0.0007469333012898763
0.262593	4.33063	0.001443543275197347
0.184074	14.8554	0.004951800028483073
0.304074	2.86055	0.0009535166422526041
0.344074	2.31139	0.0007704633076985677
0.0655556	0.52939	0.00017646332581837973
0.224074	6.71325	0.0022377500534057617
0.145556	35.4986	0.011832866668701172
0.105556	2.40413	0.0008013766606648763
0.264074	4.24724	0.0014157466888427735
0.185556	14.4624	0.004820800145467123
0.305556	2.96703	0.0009890100161234537
0.345556	2.26702	0.000755673329035441
0.067037	0.550559	0.0001835196614265442
0.147037	35.5043	0.011834766387939453
0.225556	6.54526	0.0021817533175150553
0.107037	3.06575	0.0010219166278839112
0.265556	4.14582	0.0013819400469462077
0.187037	13.927	0.004642333348592122
0.307037	2.84397	0.0009479900201161702
0.347037	2.2431	0.0007476999759674073
0.0685185	0.560289	0.00018676300843556721
0.148519	35.7026	0.011900866190592448
0.227037	6.625	0.0022083333333333334
0.108519	2.97409	0.0009913633664449055
0.267037	4.04284	0.0013476133346557618
0.188519	13.455	0.004484999974568685
0.308519	2.71141	0.0009038033485412598
0.348519	2.20449	0.0007348299821217855
0.228519	6.3084	0.0021028000513712564
0.268519	3.9216	0.001307200034459432
