0.0513333	0.168463	5.6154335538546246e-05
0.03	0.106983	3.5660999516646066e-05
0.0726667	0.247529	8.250966668128967e-05
0.115333	0.761464	0.00025382133324941
0.179333	87.5841	0.02919469960530599
0.222	15.5394	0.005179800033569336
0.158	16.4218	0.005473933537801107
0.264667	6.52776	0.002175920009613037
0.286	4.90457	0.0016348567008972169
0.200667	31.0978	0.010365933100382488
0.094	0.393822	0.00013127400477727253
0.243333	9.20709	0.0030690301259358723
0.328667	3.0254	0.001008466641108195
0.136667	1.75248	0.0005841600100199381
0.307333	3.78718	0.001262393315633138
0.0528571	0.176426	5.8808664480845134e-05
0.0741905	0.275081	9.16936695575714e-05
0.0315238	0.110324	3.677466760079066e-05
0.116857	0.796588	0.0002655293345451355
0.287524	4.87067	0.001623556613922119
0.180857	80.7742	0.02692473347981771
0.223524	14.6995	0.00489983336130778
0.159524	14.6479	0.0048826332092285155
0.26619	6.33136	0.0021104532877604166
0.0955238	0.422233	0.00014074432849884032
0.20219	31.9463	0.010648766835530598
0.244857	8.92864	0.0029762134552001954
0.33019	3.10323	0.0010344099998474121
0.13819	1.83416	0.0006113866567611694
0.308857	3.63929	0.0012130966981252034
0.054381	0.171214	5.70713331302007e-05
0.0757143	0.271938	9.064599871635436e-05
0.0330476	0.118039	3.934633235136668e-05
0.118381	0.817287	0.00027242900927861534
0.289048	4.50112	0.001500373363494873
0.182381	77.7377	0.025912567138671874
0.225048	14.3561	0.004785366694132487
0.161048	21.9236	0.007307866414388021
0.267714	6.47735	0.0021591167449951172
0.0970476	0.430717	0.00014357233047485352
0.246381	8.32553	0.002775176684061686
0.203714	29.0957	0.009698566436767577
0.331714	3.04217	0.0010140566825866699
0.139714	2.12206	0.0007073533535003662
0.310381	3.71859	0.0012395300070444744
0.0559048	0.188877	6.295900046825409e-05
0.0772381	0.283781	9.459366401036581e-05
0.0345714	0.118486	3.9495334029197694e-05
0.119905	0.868822	0.00028960732618967693
0.290571	4.66366	0.0015545533498128256
0.183905	72.7601	0.02425336710611979
0.226571	13.5005	0.004500166575113932
0.162571	26.868	0.008956000010172526
0.269238	5.73864	0.0019128799438476562
0.0985714	0.456535	0.00015217833717664082
0.247905	8.48033	0.0028267768224080406
0.205238	27.0041	0.00900136693318685
0.333238	2.86965	0.0009565499623616537
0.141238	2.33981	0.0007799366315205891
0.311905	3.70818	0.0012360599835713705
0.0574286	0.192262	6.408733129501343e-05
0.0360952	0.121598	4.053266594807307e-05
0.0787619	0.29649	9.883000453313191e-05
0.292095	4.64616	0.0015487200419108072
0.121429	0.933659	0.00031121967236200966
0.185429	67.9869	0.02266230010986328
0.228095	13.0453	0.004348433176676433
0.164095	45.048	0.015016000111897786
0.270762	6.04696	0.0020156532923380536
0.100095	0.483554	0.0001611846685409546
0.249429	8.24149	0.002747163454691569
0.206762	24.9224	0.008307466506958008
0.334762	2.93561	0.0009785366853078206
0.142762	2.51012	0.0008367066383361817
0.313429	3.62475	0.0012082499663035075
0.0589524	0.195981	6.532699863115946e-05
0.037619	0.125527	4.1842331488927206e-05
0.0802857	0.306498	0.00010216599702835083
0.293619	4.44659	0.0014821966489156088
0.122952	0.963168	0.00032105600833892825
0.186952	60.758	0.02025266647338867
0.229619	12.621	0.004207000096638998
0.165619	32.0096	0.010669867197672525
0.272286	5.57519	0.0018583966890970867
0.101619	0.490593	0.0001635309954484304
0.208286	22.4289	0.0074762999216715495
0.250952	8.1677	0.002722566604614258
0.336286	2.85229	0.0009507633050282796
0.144286	2.86048	0.0009534933567047119
0.314952	3.55739	0.0011857966581980386
0.0604762	0.202116	6.7371999224027e-05
0.0391429	0.131383	4.379433393478393e-05
0.0818095	0.30983	0.00010327666997909546
0.124476	1.01236	0.0003374533255894979
0.188476	61.0574	0.020352466583251953
0.295143	4.4092	0.0014697333971659342
0.231143	12.272	0.004090666770935059
0.167143	52.3409	0.017446966807047527
0.27381	5.55721	0.0018524033228556314
0.103143	0.502366	0.0001674553354581197
0.20981	21.0859	0.007028633117675781
0.252476	7.69377	0.0025645899772644043
0.33781	2.95427	0.0009847566286722818
0.14581	3.10149	0.0010338300069173178
0.316476	3.47276	0.001157586654027303
0.0406667	0.137952	4.5983999967575076e-05
0.062	0.209761	6.992033123970032e-05
0.0833333	0.327794	0.00010926466186841328
0.126	1.09511	0.00036503668626149496
0.19	57.3284	0.019109466552734374
0.232667	12.0759	0.004025300025939941
0.296667	4.33439	0.0014447967211405437
0.168667	62.968	0.020989332834879557
0.275333	5.47017	0.001823390007019043
0.211333	22.1561	0.007385366439819336
0.104667	0.538924	0.000179641326268514
0.254	7.53693	0.002512310028076172
0.147333	4.03323	0.001344409942626953
0.339333	2.91684	0.0009722800254821777
0.318	3.56082	0.00118694003423055
0.0421905	0.140717	4.690566658973694e-05
0.0848571	0.337266	0.00011242199937502543
0.0635238	0.219158	7.305266459782918e-05
0.127524	1.1419	0.00038063331445058185
0.191524	50.157	0.016719000498453776
0.23419	11.3152	0.003771733283996582
0.17019	77.0707	0.0256902338663737
0.276857	5.18739	0.001729129950205485
0.29819	4.10581	0.0013686033884684244
0.212857	20.2499	0.006749966939290365
0.10619	0.562844	0.00018761465946833292
0.255524	7.76021	0.0025867366790771483
0.148857	3.84189	0.0012806300322214762
0.340857	2.88846	0.0009628199736277263
0.319524	3.38719	0.001129063367843628
0.0437143	0.148759	4.9586330850919086e-05
0.086381	0.350089	0.00011669633785883586
0.0650476	0.22249	7.416333258152008e-05
0.129048	1.24691	0.00041563665866851805
0.193048	49.5072	0.01650239944458008
0.235714	11.2728	0.00375760014851888
0.171714	79.8805	0.026626833597819012
0.278381	5.30957	0.001769856611887614
0.299714	4.08351	0.001361169974009196
0.214381	19.2007	0.006400233586629232
0.107714	0.593443	0.0001978143254915873
0.257048	7.08671	0.0023622366587320964
0.150381	4.72623	0.0015754100481669107
0.321048	3.30716	0.0011023866335550944
0.342381	2.75273	0.0009175766309102376
0.0452381	0.15358	5.119333167870839e-05
0.0879048	0.357328	0.00011910933256149293
0.130571	1.33034	0.00044344667593638104
0.0665714	0.235006	7.833533485730489e-05
0.194571	43.5533	0.01451776631673177
0.237238	11.0782	0.0036927334467569987
0.173238	76.8631	0.02562103271484375
0.279905	5.01652	0.0016721733411153158
0.215905	18.0117	0.006003899892171224
0.301238	4.13556	0.0013785200119018554
0.109238	0.601699	0.0002005663315455119
0.258571	7.05086	0.002350286642710368
0.322571	3.39155	0.0011305166880289713
0.151905	7.67993	0.0025599767367045084
0.343905	2.78134	0.0009271132946014404
0.0467619	0.155142	5.171399811903635e-05
0.0894286	0.376403	0.00012546766797701518
0.132095	1.46796	0.0004893200000127156
0.0680952	0.233845	7.794833183288575e-05
0.196095	42.2435	0.014081166585286459
0.238762	10.5054	0.0035017999013264973
0.174762	84.1808	0.028060267130533854
0.281429	5.12774	0.0017092466354370118
0.217429	17.5726	0.005857533137003581
0.302762	3.95485	0.0013182833194732666
0.110762	0.628843	0.0002096143364906311
0.324095	3.37105	0.0011236832936604817
0.153429	6.52987	0.0021766233444213867
0.260095	6.88769	0.0022958966890970866
0.345429	2.7941	0.0009313666820526123
0.0482857	0.159239	5.307966470718384e-05
0.0909524	0.375933	0.00012531099716822305
0.133619	1.61289	0.0005376300017038981
0.069619	0.243676	8.122533559799194e-05
0.197619	38.3079	0.012769299825032552
0.240286	10.1618	0.003387266794840495
0.176286	89.636	0.02987866719563802
0.282952	5.10532	0.0017017733256022136
0.218952	17.0622	0.0056874001820882165
0.112286	0.67906	0.00022635332743326824
0.304286	3.98254	0.001327513297398885
0.325619	3.23282	0.0010776066780090333
0.261619	6.7588	0.002252933343251546
0.154952	6.74453	0.0022481767336527507
0.0498095	0.168797	5.6265667080879214e-05
0.346952	2.67427	0.0008914233048756918
0.0924762	0.399269	0.00013308967153231302
0.135143	1.74145	0.0005804833173751831
0.0711429	0.253704	8.45680038134257e-05
0.24181	9.70181	0.003233936627705892
0.199143	35.4976	0.011832533518473307
0.17781	88.1603	0.0293867670694987
0.284476	4.87555	0.0016251832644144694
0.220476	16.3658	0.005455266952514648
0.11381	0.689017	0.00022967233260472614
0.30581	3.84206	0.0012806866963704427
0.327143	3.05625	0.001018750031789144
0.263143	6.53561	0.0021785367329915364
0.348476	2.57123	0.000857076644897461
0.156476	6.989	0.0023296666145324707
