p	(av_abs_m)	susceptibility	binder cumulant
0.03	0.127136	7.50882	0.113899
0.11	0.0787837	3.27387	-0.0157285
0.15	0.0700585	2.55284	-0.00828859
0.27	0.0534141	1.43597	0.0297752
0.07	0.0956907	4.59762	0.0108253
0.31	0.0502019	1.25959	0.029213
0.19	0.0631678	1.97813	0.0291283
0.23	0.0581737	1.7481	0.00399462
0.0314815	0.124616	7.53967	0.0833466
0.111481	0.0810426	3.28864	0.0413203
0.151481	0.0704141	2.49353	0.0263293
0.271481	0.0546796	1.49587	0.0100471
0.0714815	0.0960544	4.51864	0.0664488
0.311481	0.0491319	1.26541	-0.0124002
0.191481	0.0643489	2.05429	0.0368021
0.231481	0.0575144	1.69929	0.0232356
0.032963	0.121714	7.12593	0.0809848
0.112963	0.0785781	3.10768	0.00285237
0.152963	0.0685404	2.45592	0.0030347
0.272963	0.0525952	1.43865	-0.00445406
0.072963	0.0957944	4.48121	0.0486738
0.312963	0.04928	1.27523	-0.0144977
0.192963	0.0634859	2.08233	0.0179686
0.232963	0.0570937	1.63388	0.0216445
0.0344444	0.119331	6.96673	0.0424933
0.114444	0.0800415	3.33316	0.0209738
0.154444	0.0695959	2.43224	0.0241945
0.274444	0.052883	1.38894	0.0197519
0.0744444	0.0941204	4.43871	0.030301
0.314444	0.0492415	1.21066	0.0390156
0.234444	0.0570689	1.63827	0.0366544
0.194444	0.0624211	1.96716	0.0196128
0.0359259	0.118906	7.07641	0.0552882
0.115926	0.0771659	3.01735	0.0121788
0.155926	0.0690978	2.37063	0.0476143
0.0759259	0.0936133	4.31075	0.05983
0.275926	0.0532181	1.41063	0.0402915
0.315926	0.0489959	1.24744	-0.0105799
0.235926	0.0569619	1.62913	0.0160579
0.195926	0.0626656	2.06254	-0.00898465
0.0374074	0.118403	6.81255	0.0788765
0.0774074	0.0925844	4.36158	0.0248486
0.117407	0.07783	3.16431	-0.000742012
0.157407	0.0682104	2.34412	0.0439901
0.277407	0.0523059	1.39158	0.0118576
0.237407	0.0566241	1.61954	0.00433483
0.197407	0.0613556	1.91918	-0.0106903
0.317407	0.0488856	1.22045	0.00559093
0.0388889	0.116783	6.63094	0.0657363
0.0788889	0.0926259	4.24793	0.0677123
0.118889	0.0779763	3.12592	0.0135763
0.158889	0.0676122	2.3584	0.00413797
0.278889	0.0518059	1.39339	-0.0144966
0.238889	0.0568174	1.63845	0.00798095
0.198889	0.0614341	1.95579	-0.00476041
0.318889	0.0505178	1.27682	0.0504254
0.0403704	0.115196	6.41004	0.0702503
0.0803704	0.0929067	4.40959	0.0252508
0.12037	0.0769226	3.07016	-0.00390765
0.16037	0.06839	2.36959	0.0308552
0.28037	0.0520478	1.34456	0.0448005
0.24037	0.0567774	1.61609	0.0280061
0.20037	0.0616911	1.96777	0.00579986
0.32037	0.0495537	1.22454	0.0206731
0.0418519	0.114143	6.37457	0.0815979
0.0818519	0.0898148	4.07877	0.0286248
0.121852	0.077433	3.05728	0.0253304
0.161852	0.0687737	2.39734	0.0158577
0.281852	0.0527578	1.43908	-0.0106522
0.241852	0.0558633	1.59041	0.00351697
0.201852	0.0610274	1.89472	0.0105507
0.321852	0.048547	1.24402	-0.0353711
0.0433333	0.114475	6.47824	0.0492645
0.0833333	0.0904419	4.09152	0.0285843
0.123333	0.0787352	3.0805	0.0278908
0.163333	0.0670056	2.27355	0.00279104
0.283333	0.0521889	1.39207	0.0214903
0.243333	0.0551352	1.57366	-0.0107695
0.203333	0.0606956	1.9516	-0.025841
0.323333	0.0482015	1.21256	-0.0290341
0.0448148	0.111704	6.17837	0.0567859
0.0848148	0.0894774	3.90516	0.046648
0.124815	0.0752267	2.95295	0.00134268
0.164815	0.068147	2.29595	0.0436097
0.284815	0.0521474	1.39271	-0.0162808
0.244815	0.0555081	1.59652	0.00312072
0.204815	0.0613004	1.94917	0.00413497
0.324815	0.0494348	1.23168	0.0259397
0.0462963	0.110976	6.11812	0.0438458
0.0862963	0.0891519	4.11096	-0.0121555
0.126296	0.07554	2.8835	0.012876
0.166296	0.0664333	2.21651	0.0285079
0.286296	0.0522511	1.38808	0.0176044
0.246296	0.0554533	1.57639	0.0216467
0.206296	0.0603652	1.92195	-0.0300619
0.326296	0.0484674	1.2207	0.00494814
0.0477778	0.108711	5.98686	0.0177227
0.0877778	0.0891322	3.98483	0.0313923
0.127778	0.0751885	2.79972	0.0343588
0.167778	0.0653837	2.2652	0.00107213
0.287778	0.0509341	1.31455	0.0189945
0.247778	0.0560481	1.5418	0.0328719
0.207778	0.0596719	1.85663	0.00967495
0.327778	0.0487089	1.2117	0.0218971
0.0492593	0.109644	5.95396	0.0522646
0.0892593	0.0883811	3.88935	0.0408725
0.129259	0.0750663	2.91484	0.00795481
0.169259	0.0671519	2.26993	0.0203521
0.289259	0.0517119	1.32195	0.018278
0.249259	0.0557441	1.55937	0.0289878
0.209259	0.0605815	1.85478	0.0329816
0.329259	0.0481719	1.20485	-0.00717551
0.0507407	0.106623	5.71988	0.036682
0.0907407	0.0869881	3.79227	0.0293764
0.130741	0.0745867	2.91034	-0.0139526
0.170741	0.0654619	2.26411	-0.0414777
0.290741	0.0519159	1.3382	0.0341983
0.250741	0.0557085	1.59207	-0.0101639
0.210741	0.0598585	1.85503	-0.00458262
0.330741	0.0482948	1.20595	0.0327196
0.0522222	0.10844	5.74991	0.0696199
0.0922222	0.087793	3.84842	0.0506471
0.132222	0.0745407	2.79931	0.0418606
0.172222	0.0656637	2.25692	-0.00408545
0.292222	0.0513819	1.30622	0.029469
0.252222	0.0537456	1.48451	0.0127232
0.212222	0.0595574	1.83198	-0.00668813
0.332222	0.0484615	1.20835	0.00446006
0.0537037	0.105286	5.51664	0.0385357
0.0937037	0.0843793	3.62243	0.00377299
0.133704	0.0745363	2.85357	0.0251485
0.173704	0.0648596	2.05674	0.0522006
0.293704	0.0511585	1.33978	-0.00177255
0.253704	0.0551611	1.50769	0.0424373
0.213704	0.0607815	1.8539	0.0454012
0.333704	0.0484607	1.21896	0.0124355
0.0551852	0.104229	5.48767	0.0462044
0.0951852	0.0857133	3.68696	0.0385887
0.135185	0.0743356	2.7514	0.0542581
0.175185	0.0657048	2.23609	-0.0159301
0.295185	0.0507007	1.35163	-0.0208171
0.255185	0.05463	1.55583	-0.0229233
0.215185	0.0599278	1.8448	0.00255393
0.335185	0.0478707	1.19338	-0.0103949
0.0566667	0.102687	5.29224	0.0410372
0.0966667	0.0855459	3.72414	0.035465
0.136667	0.0738459	2.74146	0.00311384
0.176667	0.0652989	2.1264	0.0153362
0.296667	0.0509326	1.31333	0.00645999
0.256667	0.0543444	1.50659	0.0348075
0.216667	0.0585489	1.77973	-0.020495
0.336667	0.0471881	1.14373	0.0249784
0.0581481	0.101273	5.17388	0.0594085
0.0981481	0.0850656	3.69458	0.0254625
0.138148	0.0735148	2.75413	0.00511962
0.178148	0.0656541	2.19558	0.0315551
0.298148	0.0511259	1.35237	-0.0161219
0.258148	0.05422	1.4693	0.0287478
0.218148	0.0596419	1.80085	0.0182153
0.338148	0.0481837	1.18738	0.0118892
0.0596296	0.103091	5.24903	0.0507311
0.0996296	0.0853907	3.62177	0.0474071
0.13963	0.0731407	2.6309	0.0544272
0.17963	0.0653681	2.14051	0.0399521
0.29963	0.0502567	1.30751	-0.0129405
0.25963	0.05384	1.54873	-0.0354541
0.21963	0.0591793	1.78549	-0.00614408
0.33963	0.0475344	1.16026	-0.0136523
0.0611111	0.101126	5.14432	0.0387418
0.101111	0.0823526	3.44905	-0.00566964
0.141111	0.0730067	2.70605	0.0228893
0.181111	0.0640189	2.18727	-0.0248887
0.301111	0.0506007	1.31402	0.00171745
0.261111	0.0536204	1.44839	0.0245811
0.221111	0.0581956	1.78394	-0.0229716
0.341111	0.046537	1.11469	0.0172653
0.0625926	0.101157	5.09863	0.0445418
0.102593	0.0824674	3.38218	0.0429759
0.142593	0.0725204	2.64566	0.0290935
0.182593	0.0651841	2.16109	0.00157543
0.302593	0.0505067	1.31815	0.000302577
0.262593	0.0549878	1.49095	0.0309438
0.222593	0.0582667	1.70954	0.0494793
0.342593	0.0470037	1.16963	-0.0387786
0.0640741	0.100606	5.17374	0.00967375
0.104074	0.0828563	3.51496	0.0259663
0.144074	0.0717422	2.58246	0.0442987
0.184074	0.0645778	2.10987	0.0232097
0.304074	0.0494896	1.28895	-0.00496101
0.264074	0.0537133	1.45702	0.0277053
0.224074	0.0573411	1.6798	0.0134815
0.344074	0.0469385	1.14811	-0.00675658
0.0655556	0.0986685	4.80674	0.0474182
0.105556	0.0817515	3.3757	0.0420941
0.145556	0.0709633	2.58363	0.0291527
0.185556	0.0644511	2.08566	0.0240899
0.305556	0.0495007	1.25896	-0.000447868
0.265556	0.0542037	1.49937	-0.00579529
0.225556	0.05789	1.71623	0.00488158
0.345556	0.0463785	1.14121	-0.0417461
0.067037	0.096927	4.69213	0.040785
0.107037	0.0820441	3.40838	0.0499989
0.147037	0.0698156	2.46242	-0.00137317
0.187037	0.0640667	2.12174	-0.000576629
0.307037	0.0498415	1.25509	0.0175321
0.267037	0.0542104	1.5336	0.0207897
0.227037	0.0579104	1.7003	0.008536
0.347037	0.0471837	1.13447	0.0344639
0.0685185	0.0968922	4.72751	0.0471811
0.108519	0.0818837	3.45594	0.00927376
0.148519	0.0707496	2.53495	0.0241105
0.188519	0.0632507	2.00245	0.0251154
0.308519	0.0502081	1.26888	0.0178766
0.268519	0.0525452	1.41199	0.00257473
0.228519	0.0585285	1.72287	0.0314243
0.348519	0.0473322	1.14424	0.0309268
