p	(av_abs_m)	susceptibility	binder cumulant
0.03	0.888887	0.423569	0.660487
0.11	0.63638	4.49412	0.581257
0.15	0.457257	5.48536	0.457521
0.07	0.799693	1.65575	0.64383
0.27	0.218793	2.43093	0.149799
0.31	0.19176	1.90684	0.113212
0.19	0.332503	4.38743	0.314602
0.23	0.262137	3.19007	0.212548
0.111481	0.625563	4.74358	0.575478
0.0314815	0.88633	0.438226	0.660234
0.151481	0.44355	5.46212	0.442634
0.0714815	0.792587	1.77152	0.641633
0.191481	0.329317	4.38669	0.305773
0.271481	0.219063	2.48868	0.135903
0.231481	0.26238	3.14245	0.223686
0.311481	0.19127	1.90919	0.107867
0.112963	0.619813	4.78948	0.572578
0.152963	0.44282	5.34664	0.443348
0.032963	0.884163	0.462153	0.660004
0.192963	0.324803	4.20086	0.310048
0.232963	0.25362	3.03066	0.196964
0.072963	0.789507	1.87671	0.640872
0.272963	0.216933	2.3479	0.151959
0.312963	0.190457	1.88466	0.113558
0.114444	0.615807	4.76843	0.571928
0.0344444	0.880173	0.47445	0.659708
0.154444	0.436957	5.23851	0.439594
0.0744444	0.786047	1.78274	0.641168
0.234444	0.258277	3.06082	0.228534
0.194444	0.32097	4.25842	0.301089
0.274444	0.21636	2.36666	0.149935
0.314444	0.189047	1.87679	0.110179
0.115926	0.61434	4.92333	0.57015
0.0359259	0.87907	0.49504	0.659393
0.0759259	0.78079	1.98177	0.638639
0.155926	0.432317	5.42145	0.42975
0.235926	0.256093	3.11414	0.194984
0.195926	0.320743	4.10787	0.307662
0.275926	0.218363	2.3871	0.154096
0.315926	0.19106	1.86125	0.131753
0.0774074	0.773663	2.12058	0.636613
0.0374074	0.87563	0.549297	0.658826
0.117407	0.601793	5.03241	0.562268
0.237407	0.250437	3.03738	0.182576
0.197407	0.314657	4.11611	0.289622
0.157407	0.428163	5.28105	0.429719
0.277407	0.21598	2.36101	0.156055
0.317407	0.189243	1.84766	0.106294
0.0788889	0.77231	2.04607	0.637072
0.0388889	0.874693	0.580571	0.658607
0.118889	0.5938	5.02741	0.556279
0.238889	0.25254	2.97654	0.203892
0.198889	0.31456	4.03697	0.294211
0.158889	0.421993	5.31415	0.421913
0.278889	0.213667	2.35162	0.132785
0.318889	0.18743	1.86202	0.103532
0.0803704	0.764997	2.31087	0.634084
0.0403704	0.87168	0.590851	0.658233
0.24037	0.251477	3.00297	0.208968
0.20037	0.309337	3.96512	0.289843
0.12037	0.587243	4.98883	0.554548
0.16037	0.42026	5.33391	0.418589
0.28037	0.21253	2.34065	0.136286
0.32037	0.1879	1.86303	0.111949
0.0818519	0.760997	2.41388	0.632742
0.241852	0.244297	2.92112	0.18182
0.201852	0.309443	3.96969	0.28973
0.0418519	0.868013	0.617152	0.657861
0.121852	0.579767	5.13197	0.54839
0.161852	0.41249	5.0715	0.418012
0.281852	0.211807	2.28911	0.134978
0.0833333	0.755713	2.35924	0.631978
0.321852	0.183433	1.80162	0.0943122
0.243333	0.242317	2.83998	0.184065
0.203333	0.300633	3.84455	0.275387
0.0433333	0.86518	0.619623	0.65773
0.123333	0.569107	5.18427	0.545483
0.0848148	0.749827	2.5259	0.629583
0.163333	0.404037	5.01366	0.409768
0.283333	0.208607	2.26051	0.127405
0.323333	0.185137	1.81991	0.103999
0.244815	0.244673	2.78174	0.207407
0.204815	0.3019	3.94831	0.271224
0.0448148	0.863573	0.605683	0.657651
0.124815	0.564823	5.39527	0.538647
0.0862963	0.744123	2.64792	0.627758
0.164815	0.40166	5.01862	0.405145
0.284815	0.206047	2.21753	0.118819
0.246296	0.24668	2.8925	0.190531
0.324815	0.183497	1.77564	0.0967256
0.206296	0.297	3.88194	0.260367
0.0462963	0.85905	0.68281	0.656721
0.126296	0.559417	5.35261	0.536437
0.0877778	0.733103	3.01945	0.622251
0.166296	0.393083	4.98545	0.397239
0.286296	0.20917	2.21797	0.145993
0.326296	0.18435	1.78603	0.100931
0.247778	0.24221	2.86425	0.183425
0.207778	0.298383	3.79735	0.267534
0.0477778	0.8568	0.741589	0.656256
0.127778	0.55117	5.42685	0.531742
0.0892593	0.730797	2.79716	0.624053
0.167778	0.387887	4.98034	0.388767
0.287778	0.20763	2.22545	0.12028
0.249259	0.239277	2.73707	0.18286
0.327778	0.18152	1.73964	0.105544
0.209259	0.28979	3.74925	0.247865
0.0492593	0.853663	0.780791	0.655687
0.129259	0.543873	5.36254	0.527439
0.0907407	0.72651	2.99929	0.620475
0.169259	0.391357	4.87814	0.394577
0.250741	0.23974	2.80119	0.187959
0.289259	0.205257	2.14856	0.127148
0.329259	0.17966	1.6947	0.101601
0.210741	0.291013	3.61774	0.266599
0.0507407	0.850313	0.86463	0.654801
0.130741	0.53644	5.49237	0.520808
0.0922222	0.717947	3.24451	0.617398
0.170741	0.38561	5.03169	0.380822
0.252222	0.237697	2.83365	0.167465
0.290741	0.20802	2.16786	0.146417
0.212222	0.284017	3.61219	0.255844
0.330741	0.182103	1.7723	0.0931934
0.0522222	0.845787	0.893998	0.654228
0.0937037	0.71398	3.16874	0.616761
0.132222	0.530033	5.41439	0.517544
0.172222	0.379847	4.9522	0.374475
0.253704	0.240803	2.70754	0.199519
0.292222	0.203063	2.09795	0.132349
0.213704	0.287017	3.58339	0.260216
0.332222	0.18181	1.74717	0.0933481
0.0951852	0.706997	3.46346	0.613169
0.0537037	0.842623	0.915252	0.653647
0.133704	0.52788	5.56087	0.514473
0.255185	0.229587	2.66837	0.160985
0.173704	0.369187	4.97536	0.360651
0.0966667	0.693423	3.74687	0.606646
0.215185	0.282767	3.51518	0.256363
0.293704	0.200667	2.03454	0.131037
0.333704	0.179817	1.6641	0.1117
0.0551852	0.83739	1.03706	0.652501
0.135185	0.51344	5.55427	0.503092
0.256667	0.23153	2.67483	0.156833
0.0981481	0.695147	3.55687	0.609263
0.216667	0.285287	3.54453	0.254605
0.175185	0.369833	4.8464	0.360088
0.295185	0.202493	2.1076	0.128842
0.0566667	0.836537	1.01455	0.652514
0.335185	0.178717	1.73528	0.0759432
0.136667	0.511997	5.54615	0.503841
0.258148	0.230843	2.65688	0.166806
0.218148	0.284707	3.52158	0.260628
0.0996296	0.686863	3.67702	0.605147
0.176667	0.366703	4.78253	0.363781
0.296667	0.199653	2.09972	0.108384
0.0581481	0.83255	1.09331	0.651373
0.138148	0.50586	5.56695	0.498711
0.336667	0.179943	1.73878	0.0890846
0.25963	0.230263	2.58533	0.170783
0.21963	0.279237	3.47463	0.239045
0.101111	0.677157	3.95544	0.600603
0.178148	0.359943	4.7013	0.353956
0.0596296	0.827897	1.07104	0.651338
0.298148	0.200727	2.02371	0.146186
0.102593	0.66943	4.09314	0.59667
0.13963	0.49311	5.57225	0.48715
0.261111	0.225767	2.53409	0.160705
0.338148	0.177303	1.66912	0.0975015
0.221111	0.275667	3.4741	0.230851
0.17963	0.355617	4.58763	0.348034
0.104074	0.665933	4.09251	0.596527
0.0611111	0.825467	1.24086	0.650061
0.262593	0.22752	2.5553	0.16359
0.222593	0.273453	3.48137	0.231278
0.29963	0.19902	2.00098	0.139083
0.141111	0.486753	5.58995	0.483069
0.33963	0.174253	1.61347	0.0979718
0.105556	0.656877	4.15756	0.592804
0.264074	0.222943	2.45018	0.160573
0.181111	0.350183	4.47588	0.346726
0.224074	0.26975	3.3199	0.22572
0.0625926	0.82079	1.25053	0.649578
0.301111	0.199613	2.1174	0.115178
0.142593	0.48761	5.57527	0.481047
0.341111	0.176103	1.59815	0.113703
0.107037	0.651697	4.26815	0.589104
0.265556	0.22422	2.50086	0.156131
0.225556	0.266087	3.22114	0.22802
0.182593	0.348843	4.48512	0.343518
0.0640741	0.816277	1.25453	0.648698
0.302593	0.201443	2.02053	0.139338
0.144074	0.47855	5.54809	0.475747
0.108519	0.64397	4.24272	0.58678
0.342593	0.176503	1.66964	0.103467
0.267037	0.22259	2.5427	0.149365
0.227037	0.265763	3.23895	0.2308
0.184074	0.34348	4.48436	0.329406
0.0655556	0.812547	1.37884	0.647531
0.145556	0.473543	5.56124	0.471054
0.304074	0.194993	2.02988	0.107972
0.344074	0.176867	1.68572	0.0947111
0.268519	0.219103	2.44273	0.144948
0.228519	0.26738	3.28427	0.230947
0.067037	0.806437	1.52981	0.645453
0.185556	0.346777	4.45501	0.343238
0.147037	0.46629	5.42796	0.466882
0.305556	0.194673	1.92771	0.1328
0.345556	0.172913	1.58138	0.10358
0.0685185	0.801317	1.58285	0.644836
0.187037	0.33848	4.36697	0.322785
0.148519	0.457913	5.52175	0.455302
0.307037	0.193927	1.93156	0.118409
0.347037	0.174153	1.59031	0.107531
0.188519	0.335313	4.39536	0.316854
0.308519	0.192257	1.92577	0.116602
0.348519	0.17081	1.58681	0.0751129
