p	(av_abs_m)	susceptibility	binder cumulant
0.03	0.256338	67.607	0.301828
0.114	0.065037	5.91678	0.0252248
0.198	0.0429816	2.5825	0.0210259
0.366	0.0302394	1.20636	0.0899048
0.282	0.0347299	1.70931	0.0284891
0.032625	0.223618	55.8852	0.249583
0.116625	0.0643898	5.83204	0.0207727
0.200625	0.0435397	2.65379	0.00331109
0.284625	0.0347142	1.61992	0.0347675
0.368625	0.0295864	1.18443	0.0488646
0.03525	0.197073	47.9642	0.172711
0.11925	0.0634507	5.67873	0.0135222
0.20325	0.0429093	2.62297	0.0160001
0.28725	0.034588	1.63278	0.0184326
0.37125	0.0292003	1.20633	0.0303552
0.037875	0.192206	42.5936	0.224517
0.121875	0.0619411	5.54762	-0.01223
0.205875	0.0432862	2.64731	0.00817974
0.289875	0.033657	1.58081	0.0248961
0.373875	0.028687	1.14528	0.0150596
0.0405	0.169016	35.241	0.165839
0.1245	0.0626768	5.59156	-0.00648188
0.2085	0.0429838	2.58796	0.0115465
0.2925	0.0332907	1.62821	-0.0561712
0.3765	0.0285411	1.14558	-0.00449187
0.043125	0.162354	33.3049	0.154383
0.127125	0.060868	5.09446	0.0318999
0.211125	0.041903	2.52432	-0.00623299
0.295125	0.0339078	1.65681	-0.00640166
0.379125	0.0288674	1.16901	0.0372174
0.04575	0.148539	28.1733	0.126204
0.12975	0.0597874	5.06544	0.00122666
0.21375	0.0413914	2.45541	-0.0105407
0.29775	0.0336946	1.6643	-0.0328143
0.38175	0.028899	1.16778	0.0290199
0.048375	0.144662	27.7375	0.0946741
0.132375	0.0582363	4.94705	-0.0404778
0.216375	0.0415712	2.44233	0.0192846
0.300375	0.0334467	1.52995	0.0464247
0.384375	0.0282842	1.12893	0.0142742
0.051	0.134901	24.021	0.0946303
0.135	0.0576491	4.5378	0.043525
0.219	0.0404083	2.41764	-0.0263143
0.303	0.0333104	1.61512	-0.013714
0.387	0.0286163	1.16876	0.000266667
0.053625	0.127369	21.7245	0.0739795
0.137625	0.0573734	4.57873	0.0332851
0.221625	0.0409733	2.37332	0.00269596
0.305625	0.0327954	1.52038	0.0155369
0.389625	0.0286646	1.15974	-0.00678099
0.05625	0.121601	20.4608	0.0593938
0.14025	0.0566059	4.48079	0.0336672
0.22425	0.0406277	2.36206	-0.0112422
0.30825	0.0327306	1.56258	0.00619266
0.39225	0.0282485	1.13819	0.00726155
0.058875	0.115786	18.0937	0.0647502
0.142875	0.0561422	4.26816	0.059596
0.226875	0.0397147	2.35006	-0.0338579
0.310875	0.0324099	1.4647	0.0366379
0.394875	0.0273974	1.07062	-0.000316883
0.0615	0.110667	16.9652	0.0545247
0.1455	0.0539213	4.19654	0.0179081
0.2295	0.038872	2.17518	0.00106139
0.3135	0.0322933	1.5222	-0.0294888
0.3975	0.0277989	1.10409	0.0197028
0.064125	0.106866	15.2501	0.0746843
0.148125	0.0535368	4.03459	0.00598451
0.232125	0.0401718	2.22022	0.0379455
0.316125	0.0321128	1.44767	0.00186624
0.400125	0.0275531	1.10462	-0.0200504
0.06675	0.102276	14.2393	0.0733853
0.15075	0.0525667	3.91959	0.0138289
0.23475	0.0389621	2.10819	0.0326795
0.31875	0.0324446	1.53877	0.00695218
0.40275	0.0277952	1.10114	-0.000875798
0.069375	0.100666	13.5505	0.0651583
0.153375	0.052467	3.7423	0.0649611
0.237375	0.0390024	2.19657	-0.00656427
0.321375	0.0317376	1.44711	-0.0112967
0.405375	0.0276562	1.1287	-0.0248451
0.072	0.0949931	12.5089	0.0375816
0.156	0.0522696	3.79804	0.0301751
0.24	0.0391938	2.15792	0.0152245
0.324	0.031347	1.37736	0.029194
0.408	0.0277083	1.11667	0.00598768
0.074625	0.0933518	12.0009	0.0389354
0.158625	0.0511101	3.56099	0.0513034
0.242625	0.0377203	2.05913	0.0162189
0.326625	0.0317947	1.48434	-0.0033246
0.07725	0.0909746	11.5711	0.0424274
0.410625	0.0275026	1.07431	0.00403388
0.16125	0.0513894	3.65565	0.0239797
0.24525	0.0375398	1.99048	-0.00221702
0.32925	0.0319691	1.47958	-0.00638285
0.079875	0.0884336	10.8995	0.0328437
0.41325	0.0266798	1.01946	0.0224487
0.163875	0.0497813	3.52143	0.0270041
0.247875	0.0373813	2.05196	-0.0204121
0.331875	0.031531	1.43437	0.0135785
0.0825	0.0857304	10.1068	0.0522107
0.415875	0.0269758	1.01317	0.0137461
0.1665	0.0490422	3.47359	-0.0365437
0.2505	0.0374918	1.95829	0.0364471
0.085125	0.0842355	9.69074	0.0404369
0.3345	0.0311795	1.35969	0.00348397
0.4185	0.0272485	1.06221	0.0290299
0.169125	0.0490286	3.37909	0.00482518
0.253125	0.0375491	2.08376	-0.0286284
0.08775	0.0805808	8.95288	0.0221056
0.337125	0.0310989	1.3975	0.00166809
0.421125	0.0271069	1.08926	-0.052516
0.17175	0.0484294	3.34759	0.0147256
0.25575	0.0374389	1.95612	0.0365215
0.090375	0.0783835	8.74182	0.0139888
0.33975	0.0306054	1.35948	-0.0187399
0.42375	0.0268226	1.00332	0.0296502
0.174375	0.0480037	3.10591	0.0436991
0.258375	0.0367243	1.88009	0.0234546
0.093	0.0786957	8.42781	0.0594565
0.342375	0.0305619	1.28739	0.0347925
0.426375	0.0267278	1.03671	-0.0133834
0.177	0.0467632	3.10762	0.0234358
0.261	0.0362773	1.88563	-0.0135842
0.095625	0.0752334	7.83914	0.0404979
0.345	0.0300997	1.27706	0.0028058
0.179625	0.046224	3.01523	0.0272151
0.429	0.0266491	0.99993	0.0318569
0.263625	0.035663	1.85947	-0.0405963
0.09825	0.0739653	7.82906	0.0203484
0.347625	0.0306554	1.28854	0.0403389
0.18225	0.0463011	3.08524	0.00645731
0.431625	0.0260552	0.990399	-0.0217948
0.26625	0.0358446	1.76192	0.0600474
0.100875	0.0727874	7.24741	0.0547343
0.35025	0.0306074	1.29733	0.0209546
0.184875	0.0457723	2.99729	0.00131399
0.43425	0.0265214	1.00801	-0.00454666
0.268875	0.036193	1.82953	0.0076314
0.1035	0.0702454	6.85152	0.0218858
0.352875	0.0301709	1.26719	0.00669612
0.1875	0.0455493	2.94031	0.0311976
0.436875	0.0261259	0.999324	-0.0356185
0.2715	0.0353781	1.78682	-0.00663292
0.106125	0.0702325	6.86816	0.0256876
0.3555	0.0301632	1.29679	0.00369009
0.190125	0.0440718	2.68739	0.0368529
0.4395	0.0266493	1.01021	0.000445825
0.274125	0.0350744	1.74764	0.0183863
0.10875	0.0681974	6.44715	0.0231012
0.358125	0.0299075	1.23934	0.0272894
0.19275	0.0438776	2.77478	-0.0011001
0.442125	0.0259539	0.981252	-0.00579097
0.27675	0.0355616	1.73893	0.0538751
0.111375	0.0681242	6.54902	0.0170279
0.195375	0.0447429	2.73605	0.0342941
0.36075	0.029876	1.24814	0.0152887
0.44475	0.0260795	0.952931	0.0455278
0.279375	0.0351882	1.76573	0.0346945
0.363375	0.0293874	1.22767	0.0121992
0.447375	0.0261803	0.97049	0.0182903
