p	(av_abs_m)	susceptibility	binder cumulant
0.03	0.888815	0.409652	0.665909
0.11	0.41163	37.3647	0.47229
0.15	0.164831	12.806	0.098692
0.31	0.0637422	2.03447	0.0235584
0.27	0.0725241	2.66856	0.0278441
0.07	0.797025	2.31535	0.662038
0.19	0.110398	5.94863	0.0530688
0.23	0.0852715	3.72957	0.0218799
0.0314815	0.886263	0.422497	0.665881
0.111481	0.403187	37.3056	0.46738
0.151481	0.161547	12.0977	0.113703
0.311481	0.0631356	2.02982	-0.00499007
0.0714815	0.791003	2.4643	0.661552
0.271481	0.0716563	2.66189	0.021939
0.191481	0.107684	5.63561	0.0456844
0.231481	0.0842748	3.65674	0.0108544
0.032963	0.883829	0.442695	0.665841
0.112963	0.381906	35.9292	0.445237
0.152963	0.156948	11.5044	0.126802
0.072963	0.785574	2.51803	0.661237
0.312963	0.0630737	2.06086	-0.004515
0.272963	0.0713448	2.49216	0.0345502
0.192963	0.107473	5.70726	0.0597598
0.232963	0.0842222	3.58382	0.00283321
0.0344444	0.88127	0.46985	0.665787
0.114444	0.36212	34.3507	0.427865
0.154444	0.155921	11.0232	0.126667
0.0744444	0.780527	2.87224	0.660625
0.314444	0.0621122	1.94568	0.0389928
0.274444	0.0702615	2.5277	0.0217293
0.194444	0.105022	5.57662	0.0314899
0.234444	0.0850111	3.55612	0.0518923
0.0359259	0.878563	0.487722	0.665745
0.115926	0.34964	35.1103	0.401469
0.0759259	0.771869	3.90974	0.659165
0.155926	0.152849	11.3916	0.0929624
0.315926	0.062257	2.01732	-0.0166702
0.195926	0.105144	5.32784	0.0702581
0.275926	0.0705644	2.50009	0.0339308
0.235926	0.0830681	3.51589	0.0343475
0.0374074	0.875656	0.497401	0.665723
0.117407	0.325961	32.9507	0.37526
0.157407	0.151272	10.9091	0.0881446
0.0774074	0.765669	4.33147	0.658179
0.317407	0.06206	1.98219	-0.0192642
0.277407	0.0691793	2.47613	0.00226376
0.197407	0.103509	5.40089	0.0222196
0.237407	0.0830607	3.43381	0.0384193
0.0388889	0.873265	0.530115	0.665657
0.118889	0.313617	31.712	0.359986
0.158889	0.146467	10.2756	0.0930179
0.0788889	0.758233	4.38518	0.657647
0.318889	0.0615678	1.88907	0.0184084
0.278889	0.0706541	2.50492	0.0295716
0.198889	0.102506	5.11636	0.0722723
0.238889	0.0819081	3.39588	0.0403651
0.0403704	0.870583	0.55272	0.665607
0.12037	0.304383	30.5516	0.349145
0.16037	0.145161	9.93934	0.0997738
0.0803704	0.752833	4.55539	0.65682
0.32037	0.06108	1.94061	-0.00018504
0.28037	0.0702985	2.49063	0.0372414
0.20037	0.102625	5.28786	0.0406994
0.24037	0.0807959	3.3614	-0.0168776
0.0418519	0.867765	0.600213	0.665511
0.121852	0.29011	29.2424	0.329095
0.161852	0.139784	9.54976	0.0620878
0.0818519	0.744025	6.12524	0.654879
0.321852	0.0613407	1.92633	-0.0116906
0.281852	0.0697696	2.47026	0.0229484
0.201852	0.10051	4.92553	0.0432012
0.241852	0.0803096	3.32323	0.000960102
0.0433333	0.865529	0.61633	0.665476
0.123333	0.275101	27.1578	0.309891
0.163333	0.139181	9.46803	0.0803911
0.0833333	0.735877	6.16161	0.653729
0.323333	0.061027	1.91166	-0.0247434
0.283333	0.0678933	2.3292	0.0156247
0.203333	0.0997215	5.01262	0.0326796
0.243333	0.0815941	3.41143	0.0121065
0.0448148	0.862379	0.675948	0.665359
0.124815	0.269696	26.4577	0.299135
0.164815	0.134305	8.74875	0.0837829
0.0848148	0.724137	7.5544	0.651152
0.324815	0.0610507	1.88506	0.041337
0.284815	0.0682904	2.40168	-0.0206791
0.204815	0.0989481	4.86712	0.0376436
0.244815	0.0799304	3.17951	0.0220127
0.0462963	0.858721	0.701834	0.665297
0.126296	0.260193	24.9243	0.285599
0.166296	0.136447	8.91799	0.0958813
0.0862963	0.711501	10.2711	0.646776
0.326296	0.0612993	1.86471	0.0493557
0.286296	0.0685522	2.32829	0.0385976
0.0477778	0.85665	0.684512	0.66532
0.206296	0.0972019	4.7998	0.0197721
0.246296	0.0799667	3.25368	0.0123439
0.127778	0.24775	24.4298	0.247906
0.167778	0.1321	8.34496	0.0770679
0.0877778	0.696914	11.9389	0.643273
0.327778	0.0602796	1.85119	-0.00369896
0.287778	0.0688574	2.35353	0.000865666
0.0492593	0.8529	0.747055	0.66519
0.207778	0.0965378	4.74583	0.027367
0.247778	0.0776356	3.15534	-0.0318951
0.129259	0.237861	22.0356	0.254676
0.169259	0.130962	8.26745	0.086867
0.0892593	0.688821	13.3323	0.640093
0.0507407	0.849346	0.80172	0.665073
0.329259	0.0604726	1.87417	-0.0210143
0.289259	0.0679063	2.33061	0.0150016
0.209259	0.0971522	4.66036	0.0470352
0.249259	0.0768096	2.93981	0.0167743
0.130741	0.234766	22.0071	0.235244
0.170741	0.128344	8.15949	0.0686746
0.0907407	0.675537	14.6673	0.636772
0.0522222	0.845999	0.85786	0.664952
0.330741	0.0588044	1.76858	0.00693026
0.290741	0.0676311	2.33413	0.00598181
0.210741	0.0951004	4.52641	0.0382079
0.250741	0.0787844	3.07536	0.0183449
0.132222	0.228745	21.6834	0.220449
0.172222	0.126759	7.78263	0.0668301
0.0922222	0.663022	16.638	0.632726
0.0537037	0.842928	0.896934	0.664852
0.332222	0.0600919	1.80781	0.0191772
0.292222	0.0664593	2.24997	0.015627
0.212222	0.0933785	4.48506	0.014803
0.252222	0.077787	2.99182	0.0318055
0.133704	0.215623	19.6617	0.203047
0.173704	0.124132	7.62416	0.0482627
0.0937037	0.635673	21.9057	0.620271
0.0551852	0.838896	0.992718	0.664668
0.333704	0.0595489	1.77254	0.0111789
0.293704	0.0664648	2.26694	0.000400981
0.213704	0.0938619	4.41645	0.0361832
0.253704	0.075577	2.87911	0.0500553
0.135185	0.210969	19.1891	0.189657
0.175185	0.124141	7.38602	0.0655329
0.0951852	0.628665	20.8543	0.619573
0.0566667	0.835911	1.06219	0.664511
0.335185	0.0595	1.78474	0.0168268
0.295185	0.066607	2.21316	0.0322692
0.215185	0.0926285	4.27507	0.0244732
0.255185	0.0768522	2.98125	0.0136924
0.136667	0.206697	18.4058	0.184954
0.0966667	0.605938	24.5517	0.609311
0.176667	0.122801	7.39309	0.0449632
0.0581481	0.832357	1.08876	0.664437
0.336667	0.0583819	1.72654	0.0262701
0.296667	0.0655281	2.19813	0.0107919
0.216667	0.0907948	4.20856	0.0158341
0.138148	0.197133	17.2159	0.164697
0.256667	0.0754307	2.90085	0.0284565
0.0981481	0.586708	26.8266	0.599934
0.178148	0.118357	7.00393	0.047718
0.0596296	0.827729	1.21648	0.664169
0.338148	0.0588148	1.7822	0.0210309
0.218148	0.0915174	4.0467	0.0598283
0.298148	0.0660896	2.20937	0.0312417
0.13963	0.189529	16.357	0.161139
0.258148	0.0763185	2.83967	0.0457108
0.0996296	0.571289	28.1497	0.59331
0.17963	0.118222	7.02088	0.0592163
0.0611111	0.824435	1.24625	0.664079
0.21963	0.0897826	4.06691	0.0206734
0.33963	0.0586948	1.76208	-0.00639388
0.141111	0.189636	16.224	0.152601
0.25963	0.0750004	2.79211	0.0326427
0.29963	0.0654015	2.23949	-0.0207448
0.101111	0.548039	31.3821	0.578835
0.181111	0.117426	6.61561	0.0713424
0.0625926	0.81991	1.4789	0.663645
0.221111	0.0895363	4.18675	0.00633183
0.142593	0.186109	15.3633	0.154725
0.341111	0.059003	1.75823	0.0208917
0.261111	0.0747481	2.83685	0.0246123
0.301111	0.0645096	2.13194	0.0114115
0.102593	0.522834	34.04	0.562062
0.0640741	0.81639	1.44411	0.663639
0.182593	0.115995	6.56718	0.0738047
0.222593	0.087783	3.89272	0.0320221
0.262593	0.0742674	2.80069	0.00324801
0.144074	0.179147	14.644	0.135615
0.342593	0.0589367	1.7396	0.024171
0.302593	0.065403	2.15719	0.0321504
0.104074	0.498441	35.0925	0.547895
0.0655556	0.811343	1.62777	0.66327
0.184074	0.114011	6.365	0.0490695
0.224074	0.0866389	3.73743	0.0364877
0.264074	0.073147	2.79316	0.018744
0.145556	0.177073	14.5439	0.145394
0.344074	0.0574956	1.72352	0.00154176
0.105556	0.474144	36.7591	0.526758
0.304074	0.0643411	2.1359	-0.0064376
0.067037	0.806803	1.9173	0.662804
0.185556	0.113445	6.38093	0.0498515
0.225556	0.0870381	3.80787	0.0394543
0.265556	0.0740252	2.68652	0.0468314
0.147037	0.172757	13.6208	0.135679
0.107037	0.457453	36.4026	0.516848
0.345556	0.0575333	1.68563	0.0275375
0.305556	0.0641915	2.0917	0.0101226
0.0685185	0.801567	1.9682	0.662565
0.187037	0.112468	6.16833	0.0633268
0.227037	0.0878948	3.78333	0.0511216
0.267037	0.073463	2.64344	0.0370637
0.148519	0.167907	12.8	0.120781
0.108519	0.441206	36.6569	0.503652
0.347037	0.0581563	1.66511	0.0394102
0.307037	0.0642911	2.07157	0.0340108
0.188519	0.112469	6.1177	0.0692934
0.228519	0.0853626	3.71821	0.04789
0.268519	0.0725763	2.69465	0.00521073
0.348519	0.0567315	1.62662	0.0203591
0.308519	0.0635189	2.04187	0.043149
