p	(av_abs_m)	susceptibility	binder cumulant
0.03	0.919753	0.230718	0.666265
0.114	0.624613	23.2621	0.615316
0.198	0.117559	6.73048	0.0567945
0.282	0.0728769	2.73126	-0.0126263
0.366	0.0557689	1.59879	0.00028453
0.032625	0.91566	0.242947	0.666241
0.116625	0.585584	28.1801	0.597729
0.200625	0.113608	6.32577	0.0509369
0.284625	0.0730213	2.66887	0.0381381
0.368625	0.0558409	1.57568	0.0107675
0.03525	0.911725	0.267127	0.666194
0.11925	0.553409	30.5486	0.581804
0.20325	0.112861	6.27875	0.0634596
0.28725	0.0717218	2.53044	0.045082
0.37125	0.0551493	1.58438	-0.00446818
0.037875	0.908332	0.281553	0.666166
0.121875	0.50925	35.8028	0.551378
0.205875	0.11026	6.0694	0.0429175
0.289875	0.0707618	2.45862	0.0301858
0.373875	0.0555164	1.54728	0.0275942
0.0405	0.904194	0.308188	0.666113
0.1245	0.476137	35.073	0.532183
0.2085	0.1089	5.7016	0.0593866
0.2925	0.0694071	2.44073	0.0423318
0.3765	0.0554107	1.54189	0.0389845
0.043125	0.899944	0.317602	0.666091
0.127125	0.451455	35.7925	0.513935
0.211125	0.105291	5.68766	0.0328425
0.295125	0.0687249	2.3836	0.0164471
0.379125	0.0554369	1.57402	0.0319584
0.04575	0.896298	0.355295	0.66602
0.12975	0.409622	36.693	0.471958
0.21375	0.102861	5.256	0.0376159
0.29775	0.0681191	2.33236	0.0201394
0.048375	0.891567	0.374133	0.665978
0.38175	0.0537044	1.50314	-0.0204649
0.132375	0.367153	34.7752	0.431213
0.216375	0.101904	5.0549	0.0608814
0.051	0.88771	0.386586	0.665949
0.300375	0.0685156	2.40733	0.000507403
0.384375	0.0544769	1.43563	0.0475859
0.135	0.342459	34.3544	0.39541
0.219	0.101285	5.24971	0.00382687
0.053625	0.883384	0.440042	0.665845
0.303	0.0690973	2.39078	0.0581626
0.387	0.0554782	1.54726	0.0142196
0.137625	0.309179	31.9094	0.350875
0.05625	0.878356	0.51132	0.665705
0.221625	0.0984591	4.9698	0.0268304
0.305625	0.0672613	2.31041	0.0161143
0.389625	0.0539169	1.4343	0.05642
0.14025	0.286868	28.776	0.326226
0.058875	0.873641	0.505073	0.665703
0.22425	0.0974147	4.62201	0.0671111
0.30825	0.0673147	2.27795	0.0171506
0.39225	0.0532791	1.47478	0.00625369
0.142875	0.269384	26.9094	0.292246
0.0615	0.868419	0.572333	0.665564
0.226875	0.0956471	4.58152	0.0344105
0.310875	0.0644702	2.1	0.0159712
0.1455	0.251517	24.6929	0.264399
0.394875	0.051528	1.34217	0.0251628
0.064125	0.863905	0.643784	0.665434
0.2295	0.0938813	4.33982	0.040955
0.3135	0.0646582	2.17078	0.00764731
0.148125	0.238215	22.4208	0.24623
0.3975	0.0526187	1.42491	0.0154677
0.06675	0.857533	0.715358	0.665267
0.232125	0.0914947	4.18731	0.0393476
0.15075	0.22432	21.1187	0.211798
0.316125	0.0642449	2.18628	-0.003626
0.069375	0.851652	0.796433	0.665089
0.400125	0.0515947	1.36424	0.0165058
0.23475	0.0920436	4.19453	0.0405706
0.153375	0.215971	19.2319	0.215104
0.072	0.846184	0.869068	0.664934
0.31875	0.0644271	2.05973	0.0217788
0.40275	0.0523622	1.38696	-0.0216486
0.237375	0.0914031	4.16385	0.0212237
0.156	0.203303	17.8943	0.199856
0.074625	0.840397	0.908497	0.664821
0.321375	0.0642671	2.05574	0.0440076
0.405375	0.051336	1.33338	0.0200655
0.24	0.0880067	3.93669	0.0226118
0.07725	0.832428	1.09321	0.664431
0.158625	0.189561	15.9196	0.165066
0.324	0.0644591	2.1166	0.0221627
0.408	0.0508609	1.3572	-0.0249912
0.242625	0.0870431	3.96432	-0.0213879
0.079875	0.82554	1.37805	0.663915
0.16125	0.180779	14.6772	0.154022
0.326625	0.0635276	1.97245	0.0593229
0.410625	0.0499538	1.3082	-0.0161687
0.24525	0.0850022	3.7478	0.0208814
0.0825	0.819397	1.46068	0.663674
0.163875	0.178034	13.9988	0.154284
0.32925	0.0627764	1.97	0.0406304
0.41325	0.0509533	1.32527	-0.0132264
0.247875	0.0855587	3.7651	0.0121432
0.085125	0.811004	1.78176	0.66306
0.1665	0.167059	13.2883	0.0979172
0.331875	0.060836	1.89774	0.0212769
0.415875	0.0509298	1.34484	-0.00067631
0.2505	0.0837876	3.51867	0.0320939
0.08775	0.802477	1.93185	0.662606
0.169125	0.163638	12.4139	0.120851
0.3345	0.0620582	1.91004	0.0434384
0.4185	0.0500107	1.30202	-0.0264326
0.090375	0.793357	2.22886	0.66194
0.253125	0.0807702	3.34824	0.0284308
0.17175	0.155393	11.1839	0.121085
0.337125	0.0618711	1.97001	0.0287123
0.421125	0.051388	1.30434	0.0425804
0.093	0.780097	3.08756	0.660211
0.25575	0.080008	3.27314	0.0411484
0.174375	0.148509	10.6266	0.0972343
0.33975	0.06002	1.80325	0.0236689
0.095625	0.771173	3.28654	0.65952
0.42375	0.0497089	1.23466	0.0264888
0.258375	0.0807329	3.1736	0.045323
0.177	0.145521	10.2448	0.0911706
0.09825	0.756064	5.46076	0.656333
0.342375	0.05946	1.84793	-0.00584802
0.426375	0.0497764	1.24777	0.00638502
0.261	0.0784271	3.17329	0.0112733
0.179625	0.142188	9.77466	0.0872921
0.100875	0.741142	6.49859	0.653686
0.345	0.0592596	1.80418	0.0188054
0.429	0.0484289	1.18007	0.0171166
0.263625	0.07854	3.07487	0.0357726
0.18225	0.136815	8.97401	0.0889207
0.1035	0.728154	7.27547	0.652041
0.347625	0.0597293	1.83442	-0.00148259
0.26625	0.0775364	2.99981	0.0165996
0.431625	0.0496782	1.24188	0.0129258
0.184875	0.130564	8.24215	0.0583905
0.106125	0.704753	10.9372	0.644943
0.35025	0.0575227	1.73887	-0.0156741
0.268875	0.0779102	2.98435	0.0625847
0.1875	0.130444	8.27722	0.080052
0.43425	0.0488222	1.26505	-0.00140004
0.10875	0.68612	12.7155	0.641229
0.352875	0.0589498	1.79899	-0.0611112
0.2715	0.0766418	2.97245	0.0271673
0.190125	0.124598	7.57985	0.0504298
0.436875	0.0487409	1.22615	0.0386966
0.111375	0.660615	15.8673	0.632783
0.274125	0.0755667	2.92075	0.0152112
0.3555	0.0586436	1.67018	0.0518122
0.19275	0.124481	7.59918	0.0534318
0.4395	0.0487702	1.19986	0.0104316
0.27675	0.0757431	2.83063	0.0283461
0.195375	0.120757	7.4388	0.0200012
0.358125	0.0579062	1.67109	0.0214786
0.442125	0.0478164	1.19925	-0.00927607
0.279375	0.0736338	2.74984	0.0228986
0.36075	0.0561542	1.63516	-0.00701168
0.44475	0.0475711	1.16354	0.0207434
0.363375	0.0578329	1.72695	0.00956048
0.447375	0.0475778	1.15637	0.0253582
