p	(av_abs_m)	susceptibility	binder cumulant
0.03	0.94555	0.139389	0.666609
0.0783333	0.87296	0.52571	0.666413
0.126667	0.678347	19.6425	0.653924
0.175	0.0953921	17.9402	0.0443347
0.223333	0.0531966	5.88975	0.0056164
0.271667	0.0401082	3.28222	-0.0149849
0.0317901	0.943223	0.145221	0.666606
0.0801235	0.869457	0.573603	0.666387
0.128457	0.662634	24.1533	0.651195
0.17679	0.0914351	17.2017	0.00995416
0.225123	0.0528309	5.58496	0.0329921
0.273457	0.0396076	3.24301	0.00384965
0.0335802	0.94088	0.152236	0.666603
0.0819136	0.866058	0.593499	0.666375
0.130247	0.611161	69.6377	0.628426
0.17858	0.0893663	15.8127	0.0142264
0.226914	0.0529756	5.77533	-0.00684813
0.275247	0.039881	3.2205	0.0197281
0.0353704	0.938652	0.1646	0.666598
0.0837037	0.862349	0.665509	0.666337
0.132037	0.587731	63.8804	0.623364
0.18037	0.0871007	14.7846	0.0646526
0.228704	0.0525342	5.62088	0.0239269
0.277037	0.0391193	3.2376	-0.022979
0.0371605	0.936146	0.177058	0.666592
0.0854938	0.858378	0.679144	0.666328
0.133827	0.544318	86.2357	0.603534
0.18216	0.0857049	14.3785	0.0498323
0.230494	0.0519077	5.3815	0.0125451
0.278827	0.0390069	3.08056	0.01829
0.0389506	0.933949	0.176495	0.666592
0.087284	0.854646	0.733313	0.666297
0.135617	0.481887	111.282	0.562318
0.183951	0.0837666	14.3066	0.00820959
0.232284	0.0512891	5.39252	0.00904622
0.280617	0.0393519	3.20717	-0.000623934
0.0407407	0.931592	0.188344	0.666586
0.0890741	0.850519	0.811444	0.666255
0.137407	0.449877	115.972	0.54107
0.185741	0.0802991	13.0525	0.0296367
0.234074	0.0491983	4.87805	0.0432646
0.282407	0.0387679	3.03321	0.0239368
0.0425309	0.929485	0.196202	0.666583
0.0908642	0.846645	0.885645	0.666213
0.139198	0.396544	128.492	0.49313
0.187531	0.0772116	12.201	0.00897111
0.235864	0.0491746	5.0121	-0.0109545
0.284198	0.0382644	3.11299	-0.0516807
0.044321	0.926841	0.207209	0.666577
0.0926543	0.842121	0.917489	0.666192
0.140988	0.353094	118.829	0.45012
0.189321	0.0747581	11.1182	0.0285339
0.237654	0.049082	4.96739	-0.000118389
0.285988	0.0382664	2.92843	0.00141046
0.0461111	0.924378	0.208636	0.666576
0.0944444	0.83782	0.966718	0.666161
0.142778	0.319588	111.565	0.413577
0.191111	0.0742592	11.4154	-0.0120508
0.239444	0.0476117	4.61827	0.0289788
0.287778	0.0375162	2.8343	0.0478783
0.0479012	0.921949	0.226673	0.666568
0.0962346	0.833059	1.06734	0.666103
0.144568	0.276736	99.3534	0.353563
0.192901	0.0706738	10.2347	0.0274414
0.241235	0.0478923	4.55973	0.0273528
0.289568	0.0376104	2.90132	-0.00888878
0.0496914	0.919474	0.228814	0.666567
0.0980247	0.828205	1.17974	0.666037
0.146358	0.242645	86.7574	0.299517
0.194691	0.0708267	10.0878	0.0258109
0.243025	0.0475547	4.69371	-0.00155759
0.291358	0.037039	2.85666	-0.00206604
0.0514815	0.917031	0.245886	0.666559
0.0998148	0.822943	1.33366	0.665949
0.148148	0.21119	76.0546	0.220501
0.196481	0.0700244	10.0288	0.02275
0.244815	0.047232	4.59553	0.00789577
0.0532716	0.914335	0.248896	0.666557
0.293148	0.0370462	2.76567	0.00794083
0.101605	0.81781	1.46772	0.665869
0.149938	0.201074	66.3532	0.225289
0.198272	0.0684324	9.49076	0.0313107
0.246605	0.046789	4.4277	0.0138161
0.0550617	0.911827	0.267751	0.666548
0.103395	0.81197	1.58322	0.665794
0.294938	0.0363852	2.72386	0.011289
0.151728	0.184476	58.8305	0.185996
0.200062	0.067037	9.06294	0.0212549
0.0568519	0.909192	0.282829	0.66654
0.248395	0.0459679	4.44084	-0.0152045
0.105185	0.807024	1.68928	0.665725
0.296728	0.0364234	2.70834	0.0289915
0.153519	0.171247	53.6008	0.159707
0.201852	0.0653113	8.68679	0.00791181
0.058642	0.906562	0.310117	0.666527
0.106975	0.800928	1.91595	0.665584
0.250185	0.0449516	4.2638	-0.0181253
0.298519	0.0360534	2.73243	-0.0021237
0.155309	0.157911	46.7566	0.122276
0.203642	0.0658172	8.95125	-0.00690812
0.0604321	0.903634	0.322586	0.666521
0.108765	0.793917	2.23166	0.665392
0.251975	0.0449059	4.17627	0.00467016
0.300309	0.0359666	2.71331	-0.00671315
0.157099	0.146184	40.3938	0.101981
0.205432	0.0638522	8.43984	-0.00483782
0.0622222	0.900776	0.338884	0.666512
0.110556	0.787101	2.50493	0.665211
0.253765	0.0439893	3.96606	-0.00136421
0.302099	0.0359918	2.64915	0.0273781
0.158889	0.14405	36.903	0.150249
0.207222	0.0616927	7.88481	0.00893349
0.0640123	0.897963	0.346774	0.666508
0.112346	0.778812	3.15933	0.664818
0.255556	0.0436771	3.99699	0.00459072
0.303889	0.0357411	2.65293	0.00287767
0.160679	0.131754	33.6486	0.0818132
0.0658025	0.89493	0.373092	0.666495
0.209012	0.060312	7.53203	0.010883
0.114136	0.770843	3.59839	0.664556
0.257346	0.0432257	3.80151	0.0168357
0.305679	0.034678	2.5632	-0.0287103
0.162469	0.126079	30.9748	0.0849153
0.0675926	0.892115	0.377319	0.666492
0.210802	0.0588834	7.11895	0.0294249
0.115926	0.761756	4.48379	0.663974
0.259136	0.043289	3.74579	0.0141409
0.307469	0.0352769	2.47195	0.0180507
0.164259	0.117536	27.1301	0.0592683
0.0693827	0.889083	0.411504	0.666474
0.117716	0.750308	7.1068	0.662806
0.212593	0.0579649	6.73035	0.0398759
0.260926	0.043497	3.90821	0.00940181
0.309259	0.0352012	2.62091	-0.0194195
0.166049	0.113419	25.8836	0.050971
0.0711728	0.886144	0.418402	0.66647
0.119506	0.740339	7.22215	0.662357
0.214383	0.0585756	6.67496	0.0497696
0.262716	0.042736	3.70928	0.00387058
0.311049	0.0343121	2.39405	0.0115743
0.16784	0.111201	23.8934	0.075214
0.072963	0.882881	0.457662	0.66645
0.121296	0.729142	7.2913	0.661995
0.216173	0.0575279	6.68289	0.0280915
0.264506	0.0422826	3.75736	0.00334164
0.16963	0.108726	23.5474	0.0380938
0.31284	0.0339094	2.36091	0.0205002
0.0747531	0.879509	0.467985	0.666444
0.123086	0.714186	10.4036	0.660105
0.217963	0.0564766	6.66593	-0.0223933
0.266296	0.0417487	3.61727	-0.00416182
0.17142	0.101253	20.2783	0.0469807
0.31463	0.0341417	2.41027	-0.00374783
0.0765432	0.876697	0.526446	0.666415
0.124877	0.701544	11.86	0.658885
0.219753	0.0548641	6.29285	-0.0124239
0.268086	0.041218	3.45043	-0.00100872
0.17321	0.099783	19.789	0.0586885
0.31642	0.0332062	2.20062	0.0445684
0.221543	0.054676	6.21744	-0.0122519
0.269877	0.0412281	3.4006	0.027641
0.31821	0.0339154	2.37258	0.0143605
