p	(av_abs_m)	susceptibility	binder cumulant
0.11	0.842591	0.649551	0.665348
0.03	0.948511	0.110738	0.666485
0.07	0.902167	0.248302	0.666218
0.15	0.731649	5.48315	0.655615
0.27	0.10614	5.60639	0.0744542
0.19	0.328827	32.0819	0.389132
0.31	0.0852419	3.62431	0.0341462
0.23	0.154228	11.168	0.0919738
0.111481	0.840393	0.629963	0.665372
0.0314815	0.946916	0.11154	0.666483
0.0714815	0.900366	0.261441	0.666192
0.151481	0.72736	5.08883	0.655584
0.271481	0.10401	5.35853	0.0284073
0.191481	0.313348	30.4557	0.368702
0.231481	0.152255	10.7115	0.137707
0.311481	0.0824852	3.49838	0.0134001
0.112963	0.837215	0.690372	0.665241
0.032963	0.945666	0.119438	0.66647
0.072963	0.898786	0.270707	0.666174
0.152963	0.718026	6.31561	0.653333
0.272963	0.102965	5.21213	0.049755
0.192963	0.304322	29.5333	0.358158
0.312963	0.0816007	3.51248	-0.00174829
0.232963	0.148471	10.4737	0.11084
0.114444	0.834508	0.719847	0.665177
0.0344444	0.943736	0.123483	0.666462
0.0744444	0.896536	0.277844	0.666159
0.154444	0.706686	8.05541	0.650483
0.274444	0.10181	5.22058	0.0385037
0.194444	0.292546	28.5375	0.342424
0.234444	0.145602	10.0642	0.10434
0.314444	0.0824278	3.48121	-0.0272617
0.115926	0.831257	0.769244	0.665061
0.0359259	0.942106	0.127319	0.666455
0.0759259	0.894471	0.27679	0.666158
0.155926	0.697467	8.73231	0.648574
0.275926	0.101923	5.26264	0.0385269
0.195926	0.283519	27.4242	0.326713
0.235926	0.141504	9.55842	0.0922792
0.315926	0.0803485	3.31712	0.0123679
0.117407	0.827932	0.788245	0.665009
0.0374074	0.940203	0.136175	0.666439
0.0774074	0.892415	0.301893	0.66611
0.157407	0.685634	10.4585	0.645533
0.277407	0.101227	5.12184	0.0438773
0.197407	0.277777	26.6519	0.322126
0.237407	0.137907	9.53162	0.0493717
0.317407	0.0813163	3.28824	0.0414228
0.118889	0.82608	0.84596	0.664893
0.0388889	0.938707	0.133745	0.666443
0.0788889	0.890448	0.310661	0.666092
0.158889	0.67823	11.2933	0.642892
0.278889	0.098193	4.80278	0.0474884
0.198889	0.265798	25.5533	0.30054
0.238889	0.141061	9.58982	0.0796744
0.318889	0.0805256	3.31907	0.00245583
0.12037	0.822859	0.879517	0.66481
0.0403704	0.936988	0.1404	0.666431
0.0803704	0.888417	0.312773	0.666085
0.16037	0.666467	12.7375	0.639545
0.28037	0.0988811	4.85534	0.0342406
0.20037	0.251965	24.2521	0.280774
0.24037	0.137736	9.04392	0.0876402
0.32037	0.0800215	3.19036	0.0360707
0.121852	0.819574	0.97473	0.664608
0.0418519	0.935479	0.14402	0.666424
0.0818519	0.886443	0.314985	0.666079
0.161852	0.657209	13.1061	0.637227
0.281852	0.097777	4.76483	0.0295565
0.201852	0.24311	23.1877	0.258536
0.241852	0.133974	8.75225	0.0802849
0.321852	0.0793111	3.17764	0.0324377
0.123333	0.817058	0.968446	0.664599
0.0433333	0.933968	0.149797	0.666413
0.0833333	0.884706	0.326128	0.666055
0.163333	0.639735	16.5794	0.630015
0.283333	0.0962478	4.57346	0.051769
0.203333	0.235367	22.0144	0.245216
0.243333	0.132803	8.20046	0.0944538
0.323333	0.0796078	3.08134	0.0449056
0.124815	0.813508	1.02564	0.664462
0.0448148	0.932137	0.154088	0.666405
0.0848148	0.88204	0.340977	0.666024
0.164815	0.625939	18.2111	0.625251
0.284815	0.09488	4.48574	0.0500858
0.204815	0.231712	21.1328	0.247028
0.244815	0.130016	8.25593	0.0894157
0.324815	0.0793933	3.13816	0.0404254
0.126296	0.80994	1.08947	0.664309
0.0462963	0.93015	0.168027	0.66638
0.0862963	0.87998	0.372944	0.665962
0.166296	0.609297	21.1136	0.617068
0.286296	0.0960793	4.63665	0.0532168
0.206296	0.221121	20.0231	0.232013
0.246296	0.128758	8.01745	0.067553
0.326296	0.0786626	3.11383	0.052965
0.127778	0.806193	1.18589	0.664131
0.0477778	0.928689	0.167856	0.66638
0.0877778	0.878234	0.35877	0.665985
0.167778	0.59695	22.1481	0.613067
0.287778	0.0956348	4.46726	0.0356079
0.207778	0.218759	19.458	0.230296
0.247778	0.126562	7.98709	0.0527309
0.327778	0.0775156	3.01405	0.0348469
0.129259	0.802687	1.32039	0.663831
0.0492593	0.927607	0.173069	0.66637
0.0892593	0.876719	0.371722	0.665957
0.169259	0.573399	26.1544	0.599186
0.289259	0.0931219	4.25369	0.0384046
0.209259	0.213269	18.6422	0.212832
0.249259	0.125954	7.60643	0.0813384
0.130741	0.798056	1.47923	0.663549
0.329259	0.0771041	3.01393	0.0367135
0.0507407	0.925227	0.17245	0.666369
0.0907407	0.873683	0.396905	0.665906
0.170741	0.562654	25.902	0.596513
0.290741	0.0936304	4.31403	0.0396114
0.210741	0.203961	18.0658	0.199622
0.132222	0.793888	1.50877	0.663395
0.0522222	0.923655	0.179092	0.666357
0.250741	0.12266	7.3515	0.0681395
0.330741	0.0767548	2.95613	0.0121821
0.0922222	0.871951	0.41655	0.665868
0.172222	0.537074	29.5595	0.580257
0.292222	0.0927337	4.26292	0.0397449
0.133704	0.791021	1.58459	0.663191
0.0537037	0.922119	0.180783	0.666353
0.212222	0.197794	17.272	0.174886
0.252222	0.122667	7.43153	0.0776531
0.332222	0.0759204	2.9601	0.0171312
0.0937037	0.869773	0.419106	0.665856
0.173704	0.523866	30.2722	0.573513
0.135185	0.786888	1.74773	0.662883
0.293704	0.0897407	4.14292	0.0141632
0.0551852	0.920077	0.186621	0.666342
0.213704	0.190515	16.4095	0.162909
0.333704	0.0769778	3.02236	0.00775624
0.253704	0.121566	7.04444	0.0880544
0.0951852	0.867234	0.444967	0.665803
0.175185	0.49936	33.5787	0.554667
0.136667	0.782142	1.87563	0.662546
0.0566667	0.917919	0.193841	0.666327
0.295185	0.0908307	4.1461	0.0381646
0.215185	0.184691	15.4532	0.151994
0.335185	0.075047	2.81783	0.0167828
0.255185	0.116922	6.60418	0.0737557
0.0966667	0.864914	0.434898	0.665818
0.176667	0.490649	32.0686	0.552878
0.138148	0.778184	1.87498	0.662468
0.0581481	0.916539	0.200319	0.666315
0.296667	0.0891874	3.96837	0.0372149
0.216667	0.183515	15.1991	0.159075
0.336667	0.0752548	2.85197	0.0284142
0.256667	0.118865	6.80457	0.0781246
0.0981481	0.862226	0.462144	0.665759
0.178148	0.463405	34.8329	0.529888
0.13963	0.773226	2.35818	0.661557
0.0596296	0.914929	0.200675	0.666314
0.298148	0.0906048	4.11099	0.0468689
0.218148	0.184299	14.9048	0.160591
0.338148	0.07526	2.80418	0.0401315
0.258148	0.114795	6.58219	0.0264504
0.0996296	0.860431	0.461376	0.665757
0.17963	0.447249	34.9696	0.518054
0.141111	0.769531	2.29068	0.661517
0.0611111	0.913369	0.215623	0.666286
0.29963	0.0879252	3.76927	0.0344425
0.21963	0.173766	14.1551	0.118203
0.33963	0.0744222	2.80123	0.036993
0.101111	0.858539	0.499106	0.66568
0.25963	0.113443	6.41761	0.0369128
0.181111	0.430302	35.0461	0.503322
0.142593	0.763353	2.79472	0.660633
0.0625926	0.911503	0.21129	0.666292
0.301111	0.087347	3.89126	0.0157139
0.221111	0.174425	13.723	0.143995
0.102593	0.855726	0.519115	0.66564
0.341111	0.0738315	2.7468	0.0162216
0.261111	0.113631	6.25844	0.0637073
0.182593	0.406256	34.8786	0.479614
0.144074	0.758695	2.87879	0.660246
0.0640741	0.909389	0.227901	0.666261
0.302593	0.0875289	3.74536	0.0602597
0.104074	0.852897	0.556517	0.665559
0.222593	0.169665	13.2222	0.131822
0.342593	0.0721704	2.57268	0.0474557
0.262593	0.112192	6.2298	0.0563688
0.184074	0.387024	35.0584	0.461582
0.145556	0.75111	4.10889	0.658604
0.0655556	0.907571	0.23271	0.666251
0.304074	0.08758	3.93316	0.0249659
0.105556	0.850315	0.566403	0.665528
0.224074	0.164304	12.6877	0.120396
0.344074	0.0728674	2.69478	0.0157017
0.264074	0.110366	6.01102	0.0643391
0.185556	0.373757	34.2375	0.445844
0.147037	0.747229	3.54138	0.658991
0.067037	0.906209	0.241955	0.666233
0.305556	0.0862867	3.65916	0.061055
0.107037	0.848731	0.569257	0.66552
0.225556	0.162591	12.2158	0.130335
0.345556	0.0718656	2.69224	0.0181325
0.265556	0.109275	5.89604	0.0481951
0.187037	0.360779	33.8646	0.433566
0.148519	0.738862	4.34179	0.657287
0.0685185	0.903894	0.238088	0.666237
0.108519	0.845103	0.603665	0.66544
0.307037	0.0845289	3.62452	0.0395721
0.227037	0.159997	11.8238	0.116031
0.347037	0.07128	2.64884	-0.00942034
0.267037	0.107571	5.83125	0.0494801
0.188519	0.345764	33.479	0.412654
0.308519	0.0855919	3.73968	-0.00218233
0.228519	0.155594	11.4898	0.114167
0.268519	0.105375	5.49611	0.0588427
0.348519	0.0712681	2.58661	0.00610725
