p	(av_abs_m)	susceptibility	binder cumulant
0.01	0.888284	15.0539	0.623699
0.0119667	0.888178	14.767	0.624626
0.0139333	0.898258	13.7026	0.630158
0.0159	0.905582	12.3179	0.634227
0.0178667	0.885369	14.4546	0.625451
0.0198333	0.883538	15.0336	0.625782
0.0218	0.882827	14.1792	0.62662
0.0237667	0.894542	12.2703	0.631877
0.0257333	0.882027	14.3628	0.627159
0.0277	0.907858	9.95264	0.639403
0.0296667	0.893316	12.0537	0.634175
0.0316333	0.885867	12.5893	0.632274
0.0336	0.899076	10.8976	0.638162
0.0355667	0.907964	8.93683	0.643385
0.0375333	0.889013	11.3691	0.636154
0.0395	0.895413	9.84667	0.640079
0.0414667	0.896498	10.1068	0.640743
0.0434333	0.897102	9.51211	0.641597
0.0454	0.886844	10.686	0.638887
0.0473667	0.894044	8.77756	0.64247
0.0493333	0.887662	10.1014	0.639863
0.0513	0.903982	6.84641	0.648516
0.0532667	0.907129	5.63348	0.650462
0.0552333	0.906276	5.68882	0.65114
0.0572	0.88672	8.8479	0.643223
0.0591667	0.894542	7.11277	0.647618
0.0611333	0.904782	5.32596	0.652574
0.0631	0.907893	4.03227	0.655467
0.0650667	0.901493	5.02171	0.652584
0.0670333	0.887342	6.56796	0.648157
0.069	0.87552	7.62389	0.643546
0.0709667	0.890276	5.19271	0.651889
0.0729333	0.876782	7.40876	0.646409
0.0749	0.891058	5.09352	0.652166
0.0768667	0.89472	3.65816	0.654816
0.0788333	0.894169	2.94054	0.657523
0.0808	0.895698	3.27394	0.657779
0.0827667	0.876142	5.63886	0.650785
0.0847333	0.876302	4.70864	0.652491
0.0867	0.886293	2.72151	0.657114
0.0886667	0.885618	2.79926	0.657334
0.0906333	0.881778	3.24135	0.656497
0.0926	0.878862	3.28622	0.656228
0.0945667	0.881298	2.54209	0.657997
0.0965333	0.877031	2.37124	0.658728
0.0985	0.879538	1.70673	0.659838
0.100467	0.86912	3.03772	0.656112
0.102433	0.881689	1.21881	0.661622
0.1044	0.869796	2.19086	0.65877
0.106367	0.868018	1.41534	0.659833
0.108333	0.866222	2.61596	0.657456
0.1103	0.863307	2.42537	0.657764
0.112267	0.860231	2.24881	0.658213
0.114233	0.859289	1.5011	0.659814
0.1162	0.853227	2.54226	0.657486
0.118167	0.848871	2.87648	0.656206
0.120133	0.851289	1.35959	0.659299
0.1221	0.84784	1.88053	0.659253
0.124067	0.841742	1.90268	0.657517
0.126033	0.836018	2.11697	0.656902
0.128	0.832676	2.6834	0.656049
0.129967	0.830827	2.20101	0.656364
0.131933	0.8264	1.84614	0.656867
0.1339	0.822276	2.00579	0.656592
0.135867	0.822916	2.18553	0.655563
0.137833	0.821582	1.60176	0.65729
0.1398	0.820338	1.57253	0.657481
0.141767	0.806151	2.94242	0.652795
0.143733	0.810827	1.76346	0.655848
0.1457	0.806613	1.77779	0.655967
0.147667	0.796036	2.10523	0.653336
0.149633	0.78976	2.37132	0.651814
0.1516	0.789298	1.98607	0.653452
0.153567	0.785387	2.59718	0.650973
0.155533	0.782062	2.43381	0.652242
0.1575	0.761049	3.45963	0.645484
0.159467	0.771449	2.64116	0.649467
0.161433	0.760853	3.37783	0.646311
0.1634	0.756889	3.39441	0.645485
0.165367	0.745387	3.52137	0.643326
0.167333	0.733653	4.24076	0.637229
0.1693	0.72896	4.20839	0.637276
0.171267	0.726151	4.39031	0.63888
0.173233	0.72432	4.13813	0.637849
0.1752	0.714507	4.38073	0.635434
0.177167	0.690631	5.61133	0.625232
0.179133	0.692516	5.06051	0.629695
0.1811	0.67536	6.84881	0.617939
0.183067	0.666116	6.43524	0.618932
0.185033	0.655502	7.55969	0.609665
0.187	0.650507	6.6467	0.611764
0.188967	0.644747	7.0861	0.607503
0.190933	0.629796	7.71869	0.599518
0.1929	0.603467	8.98542	0.585682
0.194867	0.608462	8.52184	0.587672
0.196833	0.579467	9.15978	0.577308
0.1988	0.56464	9.60614	0.565407
0.200767	0.566382	8.4489	0.57265
0.202733	0.55072	10.3761	0.556353
0.2047	0.537493	10.7427	0.545836
0.206667	0.535573	9.97046	0.550364
0.208633	0.523662	10.4333	0.535926
0.2106	0.533227	9.34546	0.553731
0.212567	0.502311	10.1585	0.522792
0.214533	0.467147	11.1579	0.492322
0.2165	0.436853	11.0214	0.462915
0.218467	0.460178	10.093	0.491564
0.220433	0.460942	9.91056	0.505957
0.2224	0.418436	10.8334	0.453475
0.224367	0.403751	10.5291	0.434923
0.226333	0.410507	9.83539	0.455635
0.2283	0.396729	10.5093	0.420778
0.230267	0.401298	10.1582	0.429218
0.232233	0.372071	9.43065	0.409267
0.2342	0.390507	9.6284	0.42553
0.236167	0.375644	9.36481	0.417547
0.238133	0.356516	8.92754	0.396333
0.2401	0.355182	9.85728	0.384055
0.242067	0.339769	8.53511	0.386947
0.244033	0.331396	9.08712	0.357492
0.246	0.338542	8.74984	0.371434
0.247967	0.317564	9.08471	0.321401
0.249933	0.289689	7.67527	0.300435
0.2519	0.291502	7.63839	0.312049
0.253867	0.306453	7.81496	0.312932
0.255833	0.290827	7.53782	0.296222
0.2578	0.306631	8.55097	0.313927
0.259767	0.258738	7.3434	0.22262
0.261733	0.269564	7.24131	0.253166
0.2637	0.282062	7.73828	0.288192
0.265667	0.269351	7.29114	0.249097
0.267633	0.273511	7.49136	0.274961
0.2696	0.260267	6.2806	0.284496
0.271567	0.235271	6.1304	0.2146
0.273533	0.239378	6.37584	0.21311
0.2755	0.249511	6.26534	0.220841
0.277467	0.238507	6.1478	0.168282
0.279433	0.22368	5.5234	0.154012
0.2814	0.22864	5.44449	0.222363
0.283367	0.221333	5.85351	0.100414
0.285333	0.216569	4.92092	0.245912
0.2873	0.240569	5.5755	0.23485
0.289267	0.220409	5.24118	0.18554
0.291233	0.225742	4.61591	0.256787
0.2932	0.221867	5.14134	0.180842
0.295167	0.20528	4.75991	0.169961
0.297133	0.200036	4.63218	0.0862263
0.2991	0.210933	4.65303	0.192879
0.301067	0.203698	4.86384	0.13266
0.303033	0.192693	4.47812	0.137282
0.305	0.198062	4.27283	0.17076
0.306967	0.198382	4.52915	0.158423
0.308933	0.190293	4.13802	0.114867
0.3109	0.188853	4.05322	0.0977463
0.312867	0.185458	3.97965	0.176391
0.314833	0.183573	3.97626	0.0960641
0.3168	0.184213	4.20135	0.0773024
0.318767	0.189849	4.40501	0.0755251
0.320733	0.175396	3.47623	0.16408
0.3227	0.187129	3.81638	0.178704
0.324667	0.185493	4.08221	0.0934419
0.326633	0.172996	3.1646	0.19075
0.3286	0.17808	3.64958	0.0894388
0.330567	0.169582	3.37806	0.134978
0.332533	0.167289	3.09158	0.194345
0.3345	0.166453	3.3454	0.101503
0.336467	0.164302	3.20227	0.141171
0.338433	0.164551	2.91747	0.155032
0.3404	0.168018	3.3637	0.113412
0.342367	0.153707	2.88599	0.0806326
0.344333	0.159342	2.84822	0.115274
0.3463	0.145884	2.73302	0.0600258
0.348267	0.156782	3.60638	-0.062174
0.350233	0.15264	2.7321	0.120738
0.3522	0.156107	2.62084	0.15661
0.354167	0.154933	2.75252	0.128293
0.356133	0.156729	2.92136	0.0739384
0.3581	0.152498	2.87911	0.0835025
0.360067	0.149084	2.80892	0.09097
0.362033	0.149049	2.9226	0.0287702
0.364	0.150453	2.69277	0.0630016
0.365967	0.138631	2.13857	0.0971802
0.367933	0.140924	2.47916	0.0517366
0.3699	0.143556	2.45361	0.119574
0.371867	0.145458	2.60035	0.0694017
0.373833	0.145724	2.57214	0.0488138
0.3758	0.143236	2.40492	0.0962372
0.377767	0.140409	2.28744	0.131684
0.379733	0.138489	2.11338	0.203921
0.3817	0.142258	2.33227	0.114178
0.383667	0.136444	2.38534	0.0340422
0.385633	0.142169	2.37209	0.0918139
0.3876	0.131929	2.00101	0.131699
0.389567	0.13152	1.99076	0.138308
0.391533	0.13104	2.1841	-0.0389738
0.3935	0.136942	2.47583	0.0892268
0.395467	0.133067	2.30217	-0.0203393
0.397433	0.131413	1.94218	0.00892925
0.3994	0.137422	2.12171	0.105147
0.401367	0.130151	1.84352	0.122795
0.403333	0.127467	2.00971	-0.00268799
0.4053	0.130027	1.99544	0.0790741
0.407267	0.124142	2.03863	-0.0111183
0.409233	0.126293	1.85164	0.0933159
0.4112	0.127164	1.83894	0.123727
0.413167	0.1288	2.09497	0.0830193
0.415133	0.130489	1.97134	0.0927582
0.4171	0.127111	1.86034	0.0281429
0.419067	0.127449	1.9185	0.107156
0.421033	0.129724	2.13335	0.0998923
0.423	0.12112	1.8773	-0.0258028
0.424967	0.124	1.93009	0.0461514
0.426933	0.118898	1.65299	0.140677
0.4289	0.1168	1.69092	0.0666725
0.430867	0.124391	1.84629	0.126788
0.432833	0.123804	1.64858	0.182115
0.4348	0.117369	1.65398	0.0367528
0.436767	0.12	1.87548	0.023305
0.438733	0.118969	1.74604	0.0521134
0.4407	0.115076	1.59991	0.0851849
0.442667	0.119751	1.70807	0.0569663
0.444633	0.111111	1.6374	-0.0405344
0.4466	0.112622	1.56475	0.0728644
0.448567	0.10624	1.49703	0.0204978
0.450533	0.110133	1.56469	-0.0386451
0.4525	0.111253	1.52533	0.0821294
0.454467	0.110969	1.39847	0.131583
0.456433	0.114347	1.69756	0.015298
0.4584	0.110916	1.58723	-0.00916166
0.460367	0.111378	1.4851	0.0741427
0.462333	0.103804	1.44502	-0.00278487
0.4643	0.0998756	1.41202	-0.0448391
0.466267	0.110809	1.55962	0.0622599
0.468233	0.108	1.4023	0.0251761
0.4702	0.108836	1.40982	0.0800063
0.472167	0.108018	1.42924	0.0407642
0.474133	0.103627	1.30526	0.0630592
0.4761	0.105867	1.57678	-0.0726266
0.478067	0.10464	1.46052	0.0251778
0.480033	0.116124	1.55623	0.0452785
0.482	0.107449	1.64534	-0.125603
0.483967	0.107271	1.35725	0.118346
0.485933	0.0938667	1.18607	-0.111198
0.4879	0.10336	1.3617	-0.00959551
0.489867	0.102969	1.30903	0.0653976
0.491833	0.104782	1.34174	0.0875133
0.4938	0.108018	1.42398	-0.0101661
0.495767	0.0994844	1.18957	0.0315849
0.497733	0.0978133	1.26418	0.0475286
0.4997	0.103449	1.22338	0.118377
0.501667	0.0925333	1.15324	-0.0125389
0.503633	0.0987911	1.23088	0.0154464
0.5056	0.101636	1.2279	0.114548
0.507567	0.0968711	1.1931	0.0519331
0.509533	0.0957156	1.03631	0.122446
0.5115	0.100178	1.13872	0.00555867
0.513467	0.0957333	1.27554	-0.0526321
0.515433	0.0983644	1.35199	-0.0867913
0.5174	0.101956	1.2018	0.109042
0.519367	0.0951822	1.07144	0.0828924
0.521333	0.096	1.12302	0.0636869
0.5233	0.0972267	1.30599	-0.0278868
0.525267	0.0980089	1.26466	0.0298773
0.527233	0.0987733	1.12358	0.122738
0.5292	0.0963911	1.25763	-0.0461353
0.531167	0.0977244	1.14869	0.0954931
0.533133	0.0939022	1.05237	0.0423441
0.5351	0.08992	1.04733	-0.0255994
0.537067	0.0982578	1.25673	-0.065718
0.539033	0.0896356	0.99639	0.0358793
0.541	0.0952533	0.969126	0.186992
0.542967	0.0938844	1.16534	-0.0287017
0.544933	0.0907022	1.02379	0.0574431
0.5469	0.0940267	1.12754	0.0673383
0.548867	0.0911289	1.08058	-0.0403962
0.550833	0.0886933	0.998498	0.0674792
0.5528	0.0864533	1.02263	-0.0628243
0.554767	0.0940444	1.01614	0.0815532
0.556733	0.0890133	1.0992	-0.0938175
0.5587	0.0880711	0.972614	0.0721875
0.560667	0.0928	1.06589	0.0501342
0.562633	0.09168	1.05613	0.0527132
0.5646	0.0875733	0.960357	0.0262409
0.566567	0.0932267	1.05308	0.0543179
0.568533	0.0878933	1.0743	-0.0126156
0.5705	0.0872889	0.925042	0.0570672
0.572467	0.0858667	0.900309	0.101354
0.574433	0.0891911	0.942024	0.0749909
0.5764	0.0857067	1.0209	-0.0277637
0.578367	0.0856711	0.922506	0.013212
0.580333	0.08656	0.911526	-0.0129154
0.5823	0.0852978	0.881685	0.0691493
0.584267	0.0855289	0.951664	-0.00900082
0.586233	0.0832533	0.857032	0.0454736
0.5882	0.08064	0.74277	0.127837
0.590167	0.0801956	0.823707	0.0618757
0.592133	0.08192	0.901891	-0.00832653
0.5941	0.0853511	0.894357	-0.0159055
0.596067	0.08496	0.921362	0.0491823
0.598033	0.0797867	0.804576	0.0262278
