p	(av_abs_m)	susceptibility	binder cumulant
0.01	0.0850667	0.871131	0.0137823
0.0119667	0.0865956	0.955226	-0.00642542
0.0139333	0.0847467	0.815375	0.110237
0.0159	0.0827556	0.937065	-0.113826
0.0178667	0.08208	0.774244	0.013124
0.0198333	0.0781867	0.742122	0.0385358
0.0218	0.0788978	0.801327	-0.102191
0.0237667	0.0813511	0.896763	-0.0309424
0.0257333	0.0821867	0.859191	-0.0070795
0.0277	0.0796267	0.930422	-0.131014
0.0296667	0.0837689	0.969355	-0.139692
0.0316333	0.0783289	0.722749	0.0420606
0.0336	0.0845156	0.791394	0.15376
0.0355667	0.0805156	0.838589	-0.00137859
0.0375333	0.0847644	0.931248	-0.0271054
0.0395	0.0827556	0.834167	0.0585222
0.0414667	0.0839111	0.895367	-0.0255376
0.0434333	0.0835022	0.779711	0.133151
0.0454	0.0838044	0.848903	0.0962853
0.0473667	0.0785067	0.776352	-0.0507274
0.0493333	0.0820978	0.806085	0.0409851
0.0513	0.0787378	0.789295	-0.0746304
0.0532667	0.0796267	0.845089	0.0333816
0.0552333	0.0784356	0.794934	0.00767537
0.0572	0.0828089	0.881958	-0.0104134
0.0591667	0.0818844	0.833085	0.0437894
0.0611333	0.0811378	0.845895	-0.01454
0.0631	0.0822222	0.78392	0.0863334
0.0650667	0.0772267	0.786785	0.00695216
0.0670333	0.08128	0.811258	0.092844
0.069	0.0804622	0.744307	0.0519322
0.0709667	0.0825778	0.858487	0.0128801
0.0729333	0.0782044	0.744412	0.0146568
0.0749	0.0805867	0.837434	-0.00299869
0.0768667	0.0752356	0.722893	0.0241012
0.0788333	0.0824178	0.76416	0.037594
0.0808	0.0809778	0.820158	0.0916228
0.0827667	0.0796089	0.83641	0.0339107
0.0847333	0.08096	0.819099	0.0496957
0.0867	0.0790578	0.797631	0.062739
0.0886667	0.0807822	0.802742	0.0328101
0.0906333	0.0771556	0.736206	0.044779
0.0926	0.0773333	0.801351	-0.0619867
0.0945667	0.0775111	0.793166	0.0528033
0.0965333	0.0803556	0.748736	0.0263638
0.0985	0.0737422	0.713145	-0.0149479
0.100467	0.0846222	0.852117	0.084086
0.102433	0.0772267	0.738429	0.0664537
0.1044	0.0815822	0.780486	0.120921
0.106367	0.0816889	0.847109	0.0223258
0.108333	0.0784356	0.815058	-0.0235369
0.1103	0.0806044	0.820291	-0.0290871
0.112267	0.0798044	0.830818	-0.016235
0.114233	0.0825067	0.869377	0.0187203
0.1162	0.0782578	0.871815	-0.134348
0.118167	0.0811378	0.803655	0.0411803
0.120133	0.0777778	0.789324	-0.102041
0.1221	0.0830578	0.832563	0.0652481
0.124067	0.0716267	0.752545	-0.0882066
0.126033	0.0776356	0.694031	0.0898043
0.128	0.0808356	0.85435	0.0371006
0.129967	0.08048	0.811148	0.0763399
0.131933	0.0816178	0.805491	0.089995
0.1339	0.0776178	0.832039	-0.0236267
0.135867	0.0775644	0.774879	0.0418887
0.137833	0.0802311	0.818441	0.05152
0.1398	0.0796444	0.828807	0.0140472
0.141767	0.0737067	0.698395	0.00316029
0.143733	0.0768356	0.645249	0.151444
0.1457	0.0796978	0.765099	0.00401615
0.147667	0.0822756	0.798373	0.0793835
0.149633	0.0768711	0.745282	-0.0289847
0.1516	0.0721422	0.705432	-0.0816724
0.153567	0.0748267	0.822956	-0.147006
0.155533	0.0748622	0.73415	0.0900619
0.1575	0.0766222	0.693717	0.0819277
0.159467	0.0787378	0.75253	0.0259683
0.161433	0.08	0.786098	0.0334088
0.1634	0.0773511	0.789781	0.0899176
0.165367	0.0844622	0.819591	0.0821988
0.167333	0.0763022	0.779679	-0.0948117
0.1693	0.0767467	0.793316	0.00860417
0.171267	0.0765867	0.772312	-0.108236
0.173233	0.0732622	0.709394	-0.110002
0.1752	0.07648	0.713194	0.10999
0.177167	0.07856	0.776316	0.0229361
0.179133	0.0770133	0.799806	-0.0129716
0.1811	0.0774933	0.773804	-0.0396556
0.183067	0.0785778	0.728825	0.0794988
0.185033	0.0753422	0.728879	0.0494512
0.187	0.0756978	0.713524	0.0425662
0.188967	0.0733156	0.696258	-0.0139812
0.190933	0.0798044	0.753449	0.0984109
0.1929	0.0716267	0.561967	0.122012
0.194867	0.07344	0.651046	0.0576362
0.196833	0.07632	0.667424	0.0549758
0.1988	0.0742222	0.696596	-0.00152461
0.200767	0.0752356	0.681079	0.0825766
0.202733	0.0769778	0.699136	0.100122
0.2047	0.0794844	0.76762	0.103633
0.206667	0.07824	0.710663	0.070218
0.208633	0.0744178	0.664029	0.050381
0.2106	0.0774933	0.883102	-0.11671
0.212567	0.0744533	0.715247	-0.0333929
0.214533	0.0704356	0.759826	-0.202249
0.2165	0.0734756	0.665373	0.0106353
0.218467	0.0744	0.655451	0.119584
0.220433	0.0728356	0.794246	-0.217056
0.2224	0.0771378	0.767117	-0.0279724
0.224367	0.0732444	0.645838	0.0103816
0.226333	0.0736711	0.641761	0.0419678
0.2283	0.0761067	0.619203	0.131017
0.230267	0.0790044	0.749324	0.0368485
0.232233	0.0721067	0.61599	0.0156617
0.2342	0.0721067	0.665626	-0.0130947
0.236167	0.0744533	0.596847	0.166148
0.238133	0.07168	0.627589	0.0477038
0.2401	0.0752533	0.708708	0.0379319
0.242067	0.0796444	0.766229	0.030349
0.244033	0.0728533	0.673059	0.0265363
0.246	0.0763733	0.712098	0.00483275
0.247967	0.0696711	0.727036	-0.153682
0.249933	0.0703822	0.625623	-0.0349671
0.2519	0.0705067	0.655527	-0.000430479
0.253867	0.0702044	0.762162	-0.290294
0.255833	0.0726756	0.730578	-0.0905788
0.2578	0.0676978	0.64609	-0.152205
0.259767	0.0726044	0.655107	0.0165393
0.261733	0.0727111	0.632917	0.0590123
0.2637	0.0703111	0.675163	0.0030982
0.265667	0.0691022	0.604923	-0.0792164
0.267633	0.0743467	0.744489	-0.0295329
0.2696	0.0714133	0.655659	-0.0302679
0.271567	0.0717511	0.612566	0.0919175
0.273533	0.0703644	0.629741	0.0828966
0.2755	0.07152	0.637011	0.0533801
0.277467	0.0728356	0.653233	0.0331003
0.279433	0.0736889	0.761349	-0.077429
0.2814	0.0729244	0.604949	0.124864
0.283367	0.0713067	0.632418	0.00701771
0.285333	0.0646044	0.495541	0.0541267
0.2873	0.0690311	0.619862	0.00463416
0.289267	0.0727467	0.667167	0.0286418
0.291233	0.0701511	0.594744	0.122417
0.2932	0.0757867	0.702246	-0.0127751
0.295167	0.0743644	0.629761	0.0901249
0.297133	0.0710756	0.607182	0.0420816
0.2991	0.0694933	0.549207	-0.0319216
0.301067	0.0714133	0.672868	0.0495891
0.303033	0.0730133	0.689426	-0.00408428
0.305	0.07136	0.620822	0.0662222
0.306967	0.0691733	0.647155	-0.029475
0.308933	0.0768889	0.730444	0.00631449
0.3109	0.0704178	0.603803	-0.0189762
0.312867	0.0678044	0.673629	-0.0884014
0.314833	0.0705422	0.620549	0.0713459
0.3168	0.0759289	0.641782	0.0997875
0.318767	0.0702222	0.658489	-0.101962
0.320733	0.0709156	0.586196	0.0818089
0.3227	0.07056	0.661727	0.0246232
0.324667	0.0721244	0.621813	0.0767351
0.326633	0.0665244	0.567462	0.0432637
0.3286	0.0692622	0.587498	0.00850352
0.330567	0.0725511	0.657418	0.0461431
0.332533	0.0687467	0.612609	-0.0526095
0.3345	0.0729244	0.6607	-0.0542462
0.336467	0.0719644	0.579712	0.133336
0.338433	0.0658133	0.560832	-0.0323657
0.3404	0.0720533	0.586147	0.111211
0.342367	0.0698311	0.594654	0.0922391
0.344333	0.06896	0.56831	-0.00588103
0.3463	0.0711644	0.616355	0.0210094
0.348267	0.0676622	0.543208	0.0920501
0.350233	0.0709511	0.721025	-0.0584188
0.3522	0.0711822	0.616568	0.0820498
0.354167	0.0646044	0.537425	0.0452723
0.356133	0.07088	0.562299	0.0765686
0.3581	0.0707378	0.663613	0.0164076
0.360067	0.0711822	0.575323	0.0663319
0.362033	0.0691733	0.583653	-0.0160457
0.364	0.0694578	0.625198	0.0404761
0.365967	0.0700622	0.635877	0.0357629
0.367933	0.0660089	0.615832	-0.076403
0.3699	0.0704533	0.613983	0.0520774
0.371867	0.0706311	0.655628	0.0237074
0.373833	0.0696711	0.530058	0.146675
0.3758	0.0714311	0.633186	0.0319394
0.377767	0.0717511	0.59173	0.131683
0.379733	0.06928	0.644117	-0.0655745
0.3817	0.0690667	0.635255	-0.0155803
0.383667	0.0640711	0.526342	0.0561682
0.385633	0.0643556	0.534692	0.0327298
0.3876	0.0672711	0.582673	-0.000512476
0.389567	0.0665067	0.579799	0.00259807
0.391533	0.0682311	0.613209	-0.0880196
0.3935	0.0663467	0.526484	0.0223424
0.395467	0.0644444	0.531191	0.0392534
0.397433	0.0678578	0.58489	0.0221254
0.3994	0.0645511	0.554904	-0.0406664
0.401367	0.0654044	0.549793	0.0107486
0.403333	0.0677867	0.568358	0.109936
0.4053	0.0655467	0.642384	-0.0785318
0.407267	0.0686756	0.569723	0.0773967
0.409233	0.0686222	0.604295	0.0309352
0.4112	0.0679289	0.624459	-0.0405709
0.413167	0.0729067	0.587683	0.136631
0.415133	0.0622222	0.546738	-0.162438
0.4171	0.0684978	0.56753	0.0458235
0.419067	0.0731556	0.64322	0.0484529
0.421033	0.0683556	0.619127	-0.100571
0.423	0.0674133	0.586043	-0.016629
0.424967	0.0680178	0.606594	0.0149584
0.426933	0.0670933	0.536563	0.0983766
0.4289	0.0712533	0.67388	-0.0283943
0.430867	0.0680533	0.583318	-0.0115318
0.432833	0.0660978	0.477936	0.0762494
0.4348	0.0652267	0.559925	0.00922748
0.436767	0.0638044	0.58045	0.00160682
0.438733	0.0669867	0.572919	-0.000918432
0.4407	0.06992	0.616321	0.0487155
0.442667	0.0664356	0.491117	0.126287
0.444633	0.0670222	0.547172	0.0191425
0.4466	0.0653156	0.561509	-0.0796305
0.448567	0.0620089	0.55455	-0.080002
0.450533	0.0681778	0.550206	0.0942091
0.4525	0.0631111	0.5344	-0.0570764
0.454467	0.0660622	0.509216	0.116588
0.456433	0.0665778	0.544958	0.01843
0.4584	0.0698489	0.597437	-0.000910746
0.460367	0.06528	0.562412	-0.0212067
0.462333	0.0643556	0.497856	0.0504716
0.4643	0.0627556	0.585643	-0.153336
0.466267	0.0643556	0.513927	0.0575148
0.468233	0.0656533	0.594222	-0.114393
0.4702	0.0635556	0.554516	-0.0859693
0.472167	0.0647467	0.600415	0.014023
0.474133	0.0582222	0.47736	-0.0634691
0.4761	0.0637689	0.521168	0.0342216
0.478067	0.0660978	0.576852	-0.100741
0.480033	0.0685156	0.577009	0.0372562
0.482	0.0606222	0.416384	0.144871
0.483967	0.0651911	0.505359	0.108142
0.485933	0.064	0.553707	0.00302449
0.4879	0.0670222	0.551723	0.0357354
0.489867	0.0639289	0.507469	0.00968091
0.491833	0.0660622	0.538869	0.0233559
0.4938	0.0655467	0.544607	0.0443752
0.495767	0.0639111	0.484016	0.0784983
0.497733	0.0662933	0.553462	0.0571701
0.4997	0.0671467	0.597104	-0.00962001
0.501667	0.0635378	0.500624	0.0342322
0.503633	0.0718933	0.576751	0.139257
0.5056	0.0648	0.492549	0.0744518
0.507567	0.06464	0.540018	-0.0551289
0.509533	0.0661689	0.49374	0.124264
0.5115	0.0621689	0.457066	0.0300718
0.513467	0.0613511	0.481145	-0.0261221
0.515433	0.0679467	0.607062	-0.0174234
0.5174	0.0648533	0.507491	0.0157736
0.519367	0.0641244	0.524021	-0.0482948
0.521333	0.0628267	0.519918	-0.0795378
0.5233	0.0626667	0.516044	-0.00231026
0.525267	0.0654756	0.532765	-0.0433827
0.527233	0.0630756	0.496298	0.0286853
0.5292	0.0657778	0.543609	0.0711395
0.531167	0.0624889	0.486775	0.117479
0.533133	0.0638044	0.539988	-0.0286749
0.5351	0.0613867	0.451434	0.0616115
0.537067	0.06464	0.519396	0.0150191
0.539033	0.0623467	0.437508	0.075353
0.541	0.0643556	0.566194	-0.0186295
0.542967	0.0631467	0.478137	0.0173621
0.544933	0.0609956	0.450044	-0.00913267
0.5469	0.0682844	0.510949	0.151814
0.548867	0.06288	0.461165	0.115762
0.550833	0.0647467	0.483935	0.100921
0.5528	0.06208	0.509258	0.0359942
0.554767	0.0619022	0.558306	-0.0708741
0.556733	0.0662578	0.463998	0.177194
0.5587	0.0608889	0.492222	-0.000642289
0.560667	0.0660267	0.542272	0.0475796
0.562633	0.0626133	0.490312	0.0615906
0.5646	0.06704	0.54372	-0.0880049
0.566567	0.0595733	0.47675	-0.0943378
0.568533	0.0646578	0.539856	0.0207956
0.5705	0.0613867	0.526172	-0.119753
0.572467	0.06288	0.526872	-0.0235761
0.574433	0.0606933	0.478301	0.038516
0.5764	0.0611378	0.515255	-0.0393899
0.578367	0.0638578	0.523878	0.0381634
0.580333	0.0602311	0.47573	0.0209274
0.5823	0.0640889	0.530807	-0.0851698
0.584267	0.0646044	0.593959	-0.11653
0.586233	0.0627733	0.491345	0.0112048
0.5882	0.0635911	0.518583	-0.122408
0.590167	0.0620444	0.482802	0.0524777
0.592133	0.06288	0.477449	-0.0172492
0.5941	0.0631289	0.521166	-0.0237014
0.596067	0.0618311	0.450277	0.0824066
0.598033	0.0592533	0.508488	-0.0378454
