p	(av_abs_m)	susceptibility	binder cumulant
0.01	0.866969	1.86306	0.659314
0.0119667	0.86768	1.67753	0.659853
0.0139333	0.861582	1.87166	0.659384
0.0159	0.860018	1.70689	0.659799
0.0178667	0.848	2.90734	0.656651
0.0198333	0.854187	2.00485	0.658266
0.0218	0.847893	1.86808	0.658563
0.0237667	0.845422	2.16551	0.657651
0.0257333	0.839093	2.47587	0.656372
0.0277	0.84304	1.74757	0.658767
0.0296667	0.835751	2.83587	0.654675
0.0316333	0.840604	1.12952	0.660261
0.0336	0.829742	2.30468	0.65616
0.0355667	0.835947	1.40018	0.659225
0.0375333	0.83072	1.20082	0.659012
0.0395	0.823324	1.70874	0.657016
0.0414667	0.82208	1.8929	0.657075
0.0434333	0.813031	2.51991	0.654092
0.0454	0.818009	1.73499	0.657332
0.0473667	0.812942	1.46436	0.657239
0.0493333	0.798258	2.36159	0.651776
0.0513	0.798169	2.20472	0.652964
0.0532667	0.796124	2.21426	0.653565
0.0552333	0.791573	2.46882	0.651923
0.0572	0.79392	2.4944	0.652754
0.0591667	0.786204	2.4695	0.65227
0.0611333	0.783413	2.78791	0.651651
0.0631	0.774204	2.74362	0.650703
0.0650667	0.749938	4.22746	0.641091
0.0670333	0.771449	2.80848	0.65031
0.069	0.754418	3.45873	0.643411
0.0709667	0.748284	3.96268	0.642095
0.0729333	0.753209	2.73451	0.646978
0.0749	0.744124	3.22567	0.642683
0.0768667	0.722507	4.49064	0.637315
0.0788333	0.722489	4.66204	0.636617
0.0808	0.704391	6.0708	0.627503
0.0827667	0.718044	5.23281	0.634559
0.0847333	0.706258	5.0789	0.632025
0.0867	0.690773	5.62658	0.626544
0.0886667	0.68144	6.11662	0.621226
0.0906333	0.673227	6.21442	0.619908
0.0926	0.663662	6.09272	0.616714
0.0945667	0.665493	6.85583	0.616402
0.0965333	0.64224	7.61555	0.603654
0.0985	0.644747	7.27802	0.608365
0.100467	0.629351	7.62437	0.600502
0.102433	0.612978	7.85508	0.594139
0.1044	0.614489	7.35696	0.597632
0.106367	0.598596	7.96318	0.588473
0.108333	0.586062	9.42146	0.578445
0.1103	0.574987	9.41332	0.571955
0.112267	0.592604	8.49095	0.586135
0.114233	0.564302	10.1865	0.561562
0.1162	0.556053	9.31301	0.565696
0.118167	0.534738	9.68912	0.547322
0.120133	0.520356	10.0879	0.542643
0.1221	0.517493	10.0302	0.536209
0.124067	0.495324	9.58169	0.524657
0.126033	0.47744	10.6386	0.507481
0.128	0.477031	10.6203	0.506099
0.129967	0.468658	10.1663	0.501061
0.131933	0.453884	10.5848	0.489005
0.1339	0.448231	10.6926	0.483097
0.135867	0.44256	10.1137	0.487252
0.137833	0.414916	10.7015	0.449485
0.1398	0.428533	10.0076	0.462952
0.141767	0.404516	11.0152	0.427936
0.143733	0.393618	10.0739	0.415511
0.1457	0.386116	9.9563	0.427594
0.147667	0.385742	10.1905	0.422232
0.149633	0.373973	10.323	0.408146
0.1516	0.359644	9.07581	0.387147
0.153567	0.354027	9.70504	0.371544
0.155533	0.355964	9.3957	0.395871
0.1575	0.348818	8.59028	0.380047
0.159467	0.33808	8.76332	0.365845
0.161433	0.345742	8.85403	0.373743
0.1634	0.322684	8.89434	0.349598
0.165367	0.304533	8.90372	0.311966
0.167333	0.313867	7.65102	0.347427
0.1693	0.296231	7.97006	0.312469
0.171267	0.310098	8.43408	0.319265
0.173233	0.29264	8.21063	0.278113
0.1752	0.2776	7.55707	0.261003
0.177167	0.280373	7.38006	0.284704
0.179133	0.272942	7.14054	0.288284
0.1811	0.289547	7.63692	0.290567
0.183067	0.262009	7.00785	0.237391
0.185033	0.269991	6.9456	0.270223
0.187	0.250311	6.30294	0.239419
0.188967	0.240409	5.9035	0.236297
0.190933	0.26448	6.51025	0.282303
0.1929	0.246293	6.68154	0.199035
0.194867	0.225867	5.58787	0.163159
0.196833	0.233564	5.68892	0.216574
0.1988	0.234116	6.21269	0.175706
0.200767	0.224693	5.82309	0.180169
0.202733	0.223822	5.66758	0.128284
0.2047	0.222933	5.12469	0.195843
0.206667	0.222489	5.55942	0.189447
0.208633	0.225244	5.37441	0.197592
0.2106	0.211396	5.06301	0.159643
0.212567	0.217013	5.10191	0.199834
0.214533	0.217084	5.21977	0.21821
0.2165	0.211324	4.61566	0.195993
0.218467	0.220178	5.08219	0.195478
0.220433	0.202702	4.97834	0.089271
0.2224	0.200267	4.50519	0.151228
0.224367	0.196924	4.13138	0.166623
0.226333	0.203111	4.93411	0.12585
0.2283	0.192587	4.1481	0.184872
0.230267	0.192942	3.88344	0.201223
0.232233	0.191093	4.18116	0.119531
0.2342	0.175644	3.91674	0.0748675
0.236167	0.194222	4.71352	0.103623
0.238133	0.187396	3.60048	0.227757
0.2401	0.189636	3.91613	0.148719
0.242067	0.184924	3.96401	0.141105
0.244033	0.184711	3.90758	0.144144
0.246	0.177529	3.49392	0.114549
0.247967	0.178418	3.72133	0.117545
0.249933	0.182507	3.71127	0.136053
0.2519	0.178933	3.83966	0.115382
0.253867	0.173831	3.55443	0.134126
0.255833	0.179449	3.07873	0.256109
0.2578	0.172676	3.45928	0.0983579
0.259767	0.161138	3.34623	0.0835717
0.261733	0.168053	3.11191	0.147882
0.2637	0.167769	3.47097	0.0563638
0.265667	0.166098	3.10171	0.148717
0.267633	0.170276	3.21511	0.122375
0.2696	0.168391	3.5342	0.0869269
0.271567	0.16096	2.92818	0.112655
0.273533	0.165849	3.32766	0.111031
0.2755	0.15968	2.6713	0.191401
0.277467	0.16064	3.00233	0.105933
0.279433	0.151093	2.70084	0.0644873
0.2814	0.155111	2.57236	0.187557
0.283367	0.147449	2.99449	-0.0257113
0.285333	0.139982	2.56068	0.0640897
0.2873	0.144587	2.65506	0.05475
0.289267	0.14976	2.64218	0.0554167
0.291233	0.149351	2.76762	0.0762746
0.2932	0.15216	2.74766	0.147862
0.295167	0.147218	2.43118	0.175957
0.297133	0.148124	2.41111	0.138269
0.2991	0.143787	2.48055	0.0885403
0.301067	0.149867	2.47066	0.137469
0.303033	0.151947	2.49197	0.191442
0.305	0.139538	2.53047	0.0178672
0.306967	0.138773	2.21048	0.158233
0.308933	0.137867	2.6229	-0.129106
0.3109	0.141422	2.4885	-0.0431649
0.312867	0.138453	2.31535	0.0973072
0.314833	0.143378	2.43934	0.0861003
0.3168	0.136853	2.24486	0.0429175
0.318767	0.129191	1.99369	0.0344795
0.320733	0.13216	2.19734	0.0848976
0.3227	0.14016	2.15417	0.0938014
0.324667	0.131076	2.01432	0.136263
0.326633	0.124924	1.99301	0.0510429
0.3286	0.127556	2.12764	-0.0399669
0.330567	0.133671	2.08058	0.0880518
0.332533	0.137867	1.95708	0.199514
0.3345	0.122062	1.91151	-0.00432044
0.336467	0.130542	2.12202	0.0471966
0.338433	0.128196	1.91275	0.0952135
0.3404	0.12992	2.14717	0.0343695
0.342367	0.129529	2.20649	-0.0233311
0.344333	0.120622	1.72937	0.0483432
0.3463	0.11872	1.82136	0.0347743
0.348267	0.118009	1.79865	0.019488
0.350233	0.120853	1.78757	0.069067
0.3522	0.118311	1.83683	-0.0188729
0.354167	0.124747	1.99603	0.0250395
0.356133	0.1256	1.93787	0.0843187
0.3581	0.126524	1.86509	0.107921
0.360067	0.12304	1.81364	0.110573
0.362033	0.124782	1.72723	0.112799
0.364	0.123164	1.89584	0.0460948
0.365967	0.117724	1.75464	0.0807326
0.367933	0.114578	1.56647	0.0069247
0.3699	0.116	1.61286	0.055596
0.371867	0.121244	1.73704	0.101585
0.373833	0.115698	1.56035	-0.00447443
0.3758	0.114382	1.50088	0.117668
0.377767	0.113138	1.74912	0.0260851
0.379733	0.115929	1.69544	0.12234
0.3817	0.115093	1.68873	0.0343153
0.383667	0.116	1.64508	0.0944417
0.385633	0.115929	1.74578	0.0259447
0.3876	0.11648	1.72841	0.0686314
0.389567	0.113316	1.75663	-0.0767596
0.391533	0.11552	1.7035	0.0554465
0.3935	0.111164	1.4923	0.111761
0.395467	0.114187	1.66056	0.0868109
0.397433	0.102133	1.41514	-0.0248726
0.3994	0.110951	1.60671	0.0163067
0.401367	0.107253	1.37454	0.091224
0.403333	0.111484	1.46162	0.0832848
0.4053	0.110916	1.49037	0.0655157
0.407267	0.107804	1.43235	0.0326145
0.409233	0.109493	1.40154	0.0962692
0.4112	0.110578	1.54625	0.0459736
0.413167	0.10576	1.44334	0.0644878
0.415133	0.109849	1.39836	0.0537067
0.4171	0.105351	1.32729	0.100916
0.419067	0.108	1.35452	0.0776109
0.421033	0.106151	1.54074	-0.102439
0.423	0.103147	1.50231	-0.0655122
0.424967	0.107236	1.31701	0.0939945
0.426933	0.106507	1.51015	-0.0238375
0.4289	0.101049	1.27692	0.0722183
0.430867	0.104427	1.26099	0.114426
0.432833	0.09952	1.28205	-0.0296115
0.4348	0.0992711	1.18481	0.0474735
0.436767	0.10784	1.50984	-0.0228372
0.438733	0.10208	1.29969	0.029887
0.4407	0.10608	1.3239	0.0513193
0.442667	0.102204	1.39993	0.0483451
0.444633	0.0952178	1.21705	-0.0636139
0.4466	0.0999289	1.29706	-0.00591067
0.448567	0.102827	1.12959	0.167559
0.450533	0.0947022	1.30777	-0.0284238
0.4525	0.103698	1.28161	0.0985522
0.454467	0.10048	1.47949	-0.10977
0.456433	0.09856	1.17608	0.0328905
0.4584	0.101582	1.13562	0.0535073
0.460367	0.100622	1.23014	0.0636859
0.462333	0.0961956	1.21505	0.0279705
0.4643	0.0978667	1.14947	0.0769704
0.466267	0.0959822	1.32909	-0.112489
0.468233	0.09712	1.24836	0.0309726
0.4702	0.0949511	1.09904	0.135893
0.472167	0.0962489	1.26365	-0.00152449
0.474133	0.0937067	1.1562	0.0542
0.4761	0.0948444	1.09741	0.100272
0.478067	0.0940089	1.07581	0.0566352
0.480033	0.0984889	1.07384	0.146386
0.482	0.09552	1.2156	0.0291944
0.483967	0.09616	1.12528	0.0927877
0.485933	0.0919467	1.10186	-0.0158778
0.4879	0.0954667	1.14059	0.0613172
0.489867	0.0902044	1.02635	0.0654806
0.491833	0.0937244	1.14585	0.0537951
0.4938	0.0896711	1.12978	-0.0925815
0.495767	0.0906489	1.07525	0.0525641
0.497733	0.0934578	1.16078	-0.0644336
0.4997	0.0960178	1.09559	0.0705609
0.501667	0.0904533	1.17957	-0.0737765
0.503633	0.0921778	0.985975	0.0788222
0.5056	0.0891378	0.994582	0.0336834
0.507567	0.0859911	0.904813	0.0345455
0.509533	0.08928	1.06197	-0.0339565
0.5115	0.0916978	0.948447	0.124111
0.513467	0.0866667	1.00308	0.0168292
0.515433	0.0865244	0.9602	-0.0221237
0.5174	0.08832	0.938345	-0.00235111
0.519367	0.0902044	0.930064	0.0902928
0.521333	0.0920889	1.05828	0.0443197
0.5233	0.0896711	0.945107	0.116952
0.525267	0.0897956	0.995051	0.0267639
0.527233	0.0846933	0.933177	-0.0157475
0.5292	0.0887644	1.00462	-0.102986
0.531167	0.0836622	0.849285	0.0961805
0.533133	0.0843022	0.933755	0.0135217
0.5351	0.0863644	0.987971	-0.0223038
0.537067	0.0901689	0.943525	0.034898
0.539033	0.0865422	0.931277	-0.00618791
0.541	0.0853511	0.873379	0.0964676
0.542967	0.0849778	0.914496	0.0360258
0.544933	0.0785778	0.807758	0.0114193
0.5469	0.0862044	0.940352	0.051391
0.548867	0.0859378	0.893152	0.0673234
0.550833	0.0817067	0.920767	-0.0677885
0.5528	0.0861511	0.855025	0.0580797
0.554767	0.0835022	0.864476	0.0785184
0.556733	0.0812267	0.825724	0.103585
0.5587	0.0808711	0.854905	-0.0258264
0.560667	0.0816356	0.899131	-0.0405291
0.562633	0.0836089	0.914723	-0.0483668
0.5646	0.0770844	0.65903	0.104296
0.566567	0.0803911	0.768001	-0.0092032
0.568533	0.0811911	0.818987	-0.00657634
0.5705	0.0858844	0.946982	-0.00342518
0.572467	0.0770667	0.707717	0.0271863
0.574433	0.0849422	0.90334	0.00366769
0.5764	0.0829333	0.8493	8.93173e-05
0.578367	0.0835911	0.901667	0.0472004
0.580333	0.0810844	0.852464	0.0252891
0.5823	0.0840356	0.861793	0.0680916
0.584267	0.0840711	0.844235	0.0262628
0.586233	0.0808356	0.786225	0.0272424
0.5882	0.07568	0.71093	0.056257
0.590167	0.0853689	0.923399	0.081126
0.592133	0.0800889	0.798043	0.0500058
0.5941	0.0810489	0.765512	0.0593536
0.596067	0.0785067	0.887783	-0.0922562
0.598033	0.08528	0.834936	0.127114
