0.03	0.666236	0.00022207866112391154
0.11	0.399038	0.00013301266233126322
0.07	0.66406	0.00022135333220163982
0.15	0.0682481	2.274936685959498e-05
0.27	0.0260289	8.676299825310707e-06
0.31	0.0449013	1.4967100073893865e-05
0.23	0.00181768	6.058933213353157e-07
0.19	0.0165366	5.512200295925141e-06
0.0314815	0.666209	0.00022206966082255047
0.111481	0.397749	0.00013258300224939983
0.151481	0.0672801	2.242669959863027e-05
0.0714815	0.663867	0.00022128899892171223
0.271481	0.0205765	6.858833134174347e-06
0.311481	0.0035794	1.193133338044087e-06
0.191481	0.0308463	1.0282099867860476e-05
0.231481	-0.00740847	-2.4694899717966717e-06
0.032963	0.666202	0.0002220673362414042
0.112963	0.362331	0.00012077700098355612
0.152963	0.063626	2.1208666265010835e-05
0.072963	0.663606	0.0002212019960085551
0.272963	-0.0116657	-3.888566667834918e-06
0.312963	-0.0340615	-1.1353832979996998e-05
0.192963	0.034589	1.1529666682084402e-05
0.232963	-0.00164823	-5.494100041687488e-07
0.0344444	0.66617	0.0002220566670099894
0.114444	0.327154	0.00010905133684476216
0.154444	0.0316056	1.0535200436909993e-05
0.0744444	0.662952	0.00022098400195439658
0.274444	0.00262171	8.739033558716377e-07
0.314444	-0.0255227	-8.507566526532173e-06
0.194444	0.0275305	9.176833555102348e-06
0.234444	0.0194109	6.470300257205963e-06
0.0359259	0.66616	0.000222053329149882
0.115926	0.327808	0.00010926933089892069
0.155926	0.0588623	1.9620766242345173e-05
0.0759259	0.662436	0.0002208120028177897
0.275926	0.0304863	1.0162100195884704e-05
0.315926	0.00437928	1.4597599705060323e-06
0.195926	0.0549885	1.8329499910275143e-05
0.235926	0.0185548	6.184933086236318e-06
0.0374074	0.666121	0.00022204033533732096
0.117407	0.280674	9.3558003505071e-05
0.157407	0.068013	2.267099916934967e-05
0.0774074	0.66172	0.00022057332595189411
0.277407	-0.0441291	-1.4709699898958206e-05
0.317407	-0.0136388	-4.546266670028368e-06
0.197407	0.0270037	9.001233304540316e-06
0.237407	0.0347615	1.1587166537841161e-05
0.0388889	0.6661	0.00022203334172566733
0.118889	0.279109	9.303633371988932e-05
0.0788889	0.661348	0.00022044932842254638
0.158889	0.0623852	2.0795067151387532e-05
0.278889	0.0312957	1.043190062046051e-05
0.318889	0.0264035	8.80116658906142e-06
0.198889	-0.00176372	-5.879066496466597e-07
0.238889	-0.00981384	-3.2712798565626146e-06
0.0403704	0.66606	0.00022201999028523763
0.12037	0.229787	7.659566899140675e-05
0.0803704	0.660172	0.00022005732854207358
0.16037	0.0703898	2.346326659123103e-05
0.28037	0.012465	4.15500005086263e-06
0.20037	0.00539736	1.7991199468572935e-06
0.32037	-0.014209	-4.736333464582761e-06
0.24037	0.0117794	3.926466529568036e-06
0.0418519	0.666042	0.00022201399008433024
0.121852	0.226787	7.559566696484884e-05
0.0818519	0.658927	0.00021964234113693238
0.161852	0.0228833	7.6277665793895725e-06
0.281852	-0.019944	-6.647999708851178e-06
0.201852	-0.0284238	-9.474599733948707e-06
0.321852	-0.0485071	-1.616903394460678e-05
0.241852	0.010055	3.3516666541496915e-06
0.0433333	0.665996	0.00022199867169062296
0.123333	0.231488	7.716266810894012e-05
0.0833333	0.658019	0.00021933966875076295
0.163333	0.0400469	1.334896683692932e-05
0.283333	0.0189035	6.3011664897203446e-06
0.203333	0.0634724	2.1157465875148772e-05
0.323333	0.0151635	5.054499953985214e-06
0.243333	0.0159955	5.331833536426226e-06
0.0448148	0.66591	0.000221970001856486
0.124815	0.20495	6.831666827201844e-05
0.0848148	0.655195	0.0002183983325958252
0.164815	0.0676504	2.2550133367379507e-05
0.284815	-0.0113261	-3.7753665819764135e-06
0.204815	-0.010806	-3.6019999533891677e-06
0.324815	0.0252197	8.406566455960274e-06
0.244815	0.0435573	1.4519100387891133e-05
0.0462963	0.665902	0.00022196733951568604
0.0862963	0.654575	0.00021819166342417398
0.126296	0.183526	6.117533147335053e-05
0.166296	0.0507329	1.6910966485738753e-05
0.286296	0.0196797	6.559899697701136e-06
0.206296	0.0304758	1.01586002856493e-05
0.0477778	0.665868	0.0002219559947649638
0.326296	0.0153448	5.114933475852013e-06
0.246296	0.019537	6.512333328525226e-06
0.0877778	0.649595	0.00021653167406717936
0.127778	0.171057	5.701900025208791e-05
0.167778	0.00194669	6.488966755568981e-07
0.287778	0.0115455	3.848499928911527e-06
0.207778	0.0307921	1.026403345167637e-05
0.0492593	0.665799	0.00022193300724029542
0.327778	0.0128619	4.287300010522206e-06
0.247778	0.0298455	9.948500121633211e-06
0.0892593	0.642646	0.00021421533823013305
0.129259	0.169949	5.6649665037790936e-05
0.169259	0.0357585	1.1919499685366949e-05
0.289259	0.0199476	6.649199873209e-06
0.0507407	0.665749	0.00022191633780797323
0.209259	-0.00511156	-1.703853408495585e-06
0.329259	-0.0020149	-6.71633364011844e-07
0.249259	-0.00737955	-2.459850007047256e-06
0.0907407	0.64289	0.00021429665883382161
0.130741	0.137834	4.5944665869077046e-05
0.170741	0.00983026	3.2767532393336298e-06
0.290741	-0.00977977	-3.259923309087753e-06
0.0522222	0.665692	0.00022189732392628988
0.210741	-0.00274306	-9.143533340344826e-07
0.330741	0.0113084	3.769466653466225e-06
0.250741	0.00723827	2.4127565945188203e-06
0.0922222	0.634652	0.00021155067284901936
0.132222	0.133068	4.4355998436609904e-05
0.172222	0.0454194	1.5139799565076829e-05
0.292222	0.0364954	1.2165132910013198e-05
0.0537037	0.665631	0.00022187699874242148
0.212222	0.0243176	8.105866611003876e-06
0.332222	-0.0406389	-1.354630043109258e-05
0.252222	0.0250623	8.354100088278453e-06
0.0937037	0.627954	0.0002093180020650228
0.133704	0.123358	4.111933211485545e-05
0.173704	0.05289	1.762999966740608e-05
0.293704	0.00056367	1.8789000265921155e-07
0.0551852	0.665604	0.00022186799844106037
0.213704	0.00261526	8.717533200979233e-07
0.253704	-0.0421251	-1.4041699469089508e-05
0.333704	0.014735	4.911666736006737e-06
0.0951852	0.619096	0.0002063653270403544
0.135185	0.123274	4.1091332832972205e-05
0.175185	0.0643967	2.1465567251046498e-05
0.295185	0.0172771	5.759033064047496e-06
0.0566667	0.665461	0.000221820334593455
0.215185	0.0017864	5.954666606461009e-07
0.255185	0.0192025	6.400833527247111e-06
0.335185	0.0136585	4.5528334255019825e-06
0.0966667	0.607463	0.00020248766740163168
0.136667	0.110902	3.6967332164446515e-05
0.176667	0.0504268	1.680893326799075e-05
0.0581481	0.665341	0.0002217803398768107
0.296667	-0.0204838	-6.827933092912038e-06
0.216667	0.0197396	6.579866632819176e-06
0.256667	0.0126811	4.227033195396265e-06
0.336667	0.00708203	2.360676725705465e-06
0.0981481	0.595899	0.0001986329952875773
0.138148	0.132029	4.4009665648142494e-05
0.178148	0.00901564	3.0052134146293004e-06
0.0596296	0.665244	0.0002217479944229126
0.298148	0.0284004	9.46680021782716e-06
0.218148	0.0407403	1.3580099989970526e-05
0.258148	0.0353235	1.1774500211079915e-05
0.338148	-0.0108593	-3.6197667941451074e-06
0.0996296	0.580233	0.0001934109926223755
0.13963	0.102154	3.4051333864529925e-05
0.17963	0.0561299	1.870996629198392e-05
0.0611111	0.665177	0.00022172566254933675
0.29963	-0.0054148	-1.8049332623680433e-06
0.21963	0.0220548	7.351600254575412e-06
0.25963	0.0308239	1.0274633144338926e-05
0.101111	0.572697	0.0001908989946047465
0.141111	0.0901619	3.0053965747356415e-05
0.33963	0.00794019	2.6467299709717434e-06
0.181111	0.0531408	1.7713600148757298e-05
0.0625926	0.665028	0.00022167599201202394
0.301111	0.00484618	1.6153932859500249e-06
0.221111	-0.00894843	-2.982810139656067e-06
0.261111	0.0053018	1.7672666969398657e-06
0.142593	0.10166	3.388666609923045e-05
0.102593	0.540712	0.00018023733297983804
0.341111	-0.00726704	-2.422346733510494e-06
0.0640741	0.664822	0.00022160732746124269
0.182593	0.0332986	1.1099533488353093e-05
0.302593	0.0253881	8.462699751059213e-06
0.222593	0.0357889	1.1929633716742197e-05
0.144074	0.110863	3.6954333384831744e-05
0.262593	0.0213905	7.130166515707969e-06
0.342593	-0.00573404	-1.9113466454048952e-06
0.104074	0.513773	0.00017125767469406127
0.0655556	0.664761	0.00022158700227737426
0.184074	0.0299563	9.98543327053388e-06
0.304074	0.0246239	8.207966883977254e-06
0.145556	0.0971352	3.237840036551158e-05
0.224074	0.035819	1.193966716527939e-05
0.264074	0.0123471	4.115700100859006e-06
0.344074	0.0194807	6.493566557765007e-06
0.067037	0.664559	0.000221519668896993
0.105556	0.502478	0.00016749266783396403
0.185556	0.0417443	1.3914766410986583e-05
0.305556	-0.00608086	-2.0269532687962056e-06
0.147037	0.0614668	2.0488932728767396e-05
0.0685185	0.664283	0.00022142765919367472
0.265556	0.0353621	1.178736612200737e-05
0.225556	0.0274037	9.134566411375999e-06
0.345556	0.00292851	9.76170025145014e-07
0.107037	0.478464	0.00015948800245920816
0.187037	0.0348113	1.1603766431411108e-05
0.307037	0.0347119	1.1570633699496587e-05
0.148519	0.0846641	2.8221366306145985e-05
0.108519	0.436646	0.00014554867148399353
0.227037	0.0254167	8.472233389814695e-06
0.267037	0.017974	5.99133347471555e-06
0.347037	-0.0284116	-9.470533579587936e-06
0.188519	0.0416986	1.3899533698956172e-05
0.308519	0.00832437	2.7747899293899535e-06
0.228519	0.00101338	3.377933365603288e-07
0.268519	0.0175699	5.856633186340332e-06
0.348519	-0.0053147	-1.7715666132668654e-06
