0.03	0.664289	0.00022142966588338216
0.114	0.28036	9.345333774884541e-05
0.198	0.0641506	2.1383533875147502e-05
0.282	0.0238577	7.952566569050154e-06
0.366	0.0261305	8.710166439414024e-06
0.032625	0.664287	0.0002214289903640747
0.116625	0.250381	8.346033096313476e-05
0.200625	0.00961746	3.2058199867606163e-06
0.284625	0.0236682	7.889399925867716e-06
0.368625	-0.0069584	-2.3194666331013043e-06
0.03525	0.663768	0.0002212559978167216
0.11925	0.237118	7.903933525085449e-05
0.20325	0.0407436	1.3581200192372004e-05
0.28725	0.0626994	2.0899799962838492e-05
0.37125	0.0253413	8.447100097934404e-06
0.037875	0.663539	0.00022117966413497925
0.121875	0.245997	8.199899892012278e-05
0.205875	0.0541417	1.804723342259725e-05
0.289875	0.00707567	2.358556725084782e-06
0.373875	0.0132018	4.400600058337053e-06
0.0405	0.663337	0.00022111233075459798
0.1245	0.203365	6.778833270072937e-05
0.2085	0.0298283	9.942766899863879e-06
0.2925	0.0625063	2.0835434397061666e-05
0.3765	-0.0113032	-3.767733462154865e-06
0.043125	0.66223	0.00022074333826700848
0.127125	0.192563	6.418766578038533e-05
0.211125	0.0642466	2.141553411881129e-05
0.295125	0.012445	4.148333333432674e-06
0.379125	0.0216832	7.22773311038812e-06
0.04575	0.661829	0.00022060966491699218
0.12975	0.193687	6.456233561038971e-05
0.21375	0.0458217	1.5273900081713993e-05
0.29775	0.0416374	1.3879132767518361e-05
0.38175	-0.0124586	-4.152866701285044e-06
0.048375	0.660251	0.0002200836737950643
0.132375	0.184279	6.142633159955343e-05
0.216375	0.044808	1.4936000108718872e-05
0.300375	0.00260272	8.675733115524054e-07
0.384375	-0.0179675	-5.989166597525279e-06
0.051	0.65984	0.00021994666258494058
0.135	0.138637	4.6212335427602134e-05
0.219	0.0027116	9.038666418443123e-07
0.303	0.00533869	1.7795632593333722e-06
0.053625	0.658217	0.00021940567096074423
0.387	0.0463656	1.5455200026432673e-05
0.137625	0.168534	5.617799858252207e-05
0.221625	0.0432994	1.4433133105436961e-05
0.05625	0.65716	0.00021905332803726196
0.305625	0.00921459	3.0715301011999446e-06
0.389625	0.0196373	6.545766567190488e-06
0.14025	0.147747	4.9248998363812764e-05
0.22425	0.058247	1.9415666659673056e-05
0.058875	0.653647	0.00021788233518600463
0.30825	-0.012032	-4.010666782657306e-06
0.39225	-0.0211756	-7.0585335294405616e-06
0.142875	0.139943	4.664766788482666e-05
0.226875	0.0210401	7.013366868098577e-06
0.0615	0.652016	0.00021733866135279338
0.310875	0.0139656	4.655200056731701e-06
0.394875	0.0429259	1.4308633903662364e-05
0.1455	0.121304	4.0434665977954864e-05
0.2295	0.0361992	1.206640029946963e-05
0.064125	0.645668	0.0002152226765950521
0.3135	0.0150281	5.009366820255915e-06
0.3975	-0.0204956	-6.8318663785854975e-06
0.148125	0.138237	4.607899983723958e-05
0.06675	0.642646	0.00021421533823013305
0.232125	0.0434151	1.4471699794133505e-05
0.316125	0.0247048	8.234933639566103e-06
0.15075	0.0994339	3.3144632975260415e-05
0.400125	-0.00603101	-2.010336611419916e-06
0.069375	0.639541	0.00021318032344182333
0.23475	0.0513714	1.712379977107048e-05
0.31875	-0.00550015	-1.833383304377397e-06
0.153375	0.105439	3.51463332772255e-05
0.40275	0.00580276	1.9342533002297084e-06
0.072	0.627907	0.00020930232604344685
0.237375	0.0312571	1.0419033467769624e-05
0.321375	0.00381322	1.2710733183970054e-06
0.156	0.117259	3.908633440732956e-05
0.405375	-0.0176268	-5.875599881013234e-06
0.074625	0.623672	0.00020789066950480144
0.24	0.0281494	9.383133302132289e-06
0.324	-0.0179609	-5.986966813604037e-06
0.158625	0.0813858	2.712859958410263e-05
0.07725	0.604034	0.00020134466886520387
0.408	-0.0178861	-5.962033445636432e-06
0.242625	0.0391601	1.3053366293509801e-05
0.16125	0.0952835	3.1761166950066886e-05
0.326625	0.0268398	8.946600059668223e-06
0.079875	0.593542	0.00019784732659657795
0.410625	0.00927735	3.092450089752674e-06
0.24525	0.0727011	2.423369884490967e-05
0.163875	0.080596	2.6865333318710328e-05
0.32925	0.0124262	4.142066774268945e-06
0.0825	0.581767	0.00019392234086990356
0.41325	-0.0204167	-6.805566449960073e-06
0.247875	0.0273883	9.129433582226436e-06
0.1665	0.085562	2.8520666062831877e-05
0.085125	0.55229	0.00018409667412439982
0.331875	0.0311322	1.0377400244275728e-05
0.415875	-0.00448643	-1.4954766569038233e-06
0.2505	0.0323925	1.0797500610351562e-05
0.169125	0.08304	2.7679999669392903e-05
0.08775	0.536391	0.00017879700660705566
0.3345	0.0267618	8.920600016911825e-06
0.4185	-0.0146074	-4.869133234024048e-06
0.253125	0.0184667	6.155566622813542e-06
0.17175	0.0849527	2.83175657192866e-05
0.090375	0.508507	0.00016950233777364096
0.337125	-0.0167436	-5.581200122833252e-06
0.421125	0.0192558	6.418600057562192e-06
0.25575	0.00350659	1.1688633045802515e-06
0.174375	0.0956171	3.1872366865475975e-05
0.093	0.48333	0.00016111000378926595
0.33975	0.0119256	3.97519984592994e-06
0.42375	0.0220485	7.3494998117287956e-06
0.258375	-0.0162036	-5.401200304428736e-06
0.095625	0.470804	0.00015693466862042746
0.177	0.0638554	2.128513405720393e-05
0.342375	0.0164832	5.494400237997373e-06
0.426375	0.0260459	8.681966612736385e-06
0.261	0.038041	1.2680333107709885e-05
0.09825	0.444865	0.0001482883294423421
0.179625	0.0610815	2.036049962043762e-05
0.345	0.0544823	1.8160766611496606e-05
0.263625	-0.0174694	-5.823133513331414e-06
0.429	0.00283615	9.453832947959502e-07
0.100875	0.404056	0.00013468533754348755
0.18225	0.0240978	8.032600084940593e-06
0.347625	0.0227692	7.589733228087425e-06
0.26625	0.0172547	5.751566961407662e-06
0.431625	0.00435279	1.4509299459556739e-06
0.1035	0.381549	0.00012718300024668376
0.184875	0.0635138	2.117126683394114e-05
0.35025	0.031607	1.05356660981973e-05
0.268875	0.0420781	1.4026033381621043e-05
0.43425	0.0301993	1.006643349925677e-05
0.106125	0.344393	0.00011479766170183817
0.1875	0.0691234	2.3041134079297383e-05
0.352875	0.041989	1.399633288383484e-05
0.2715	0.0403778	1.3459266473849615e-05
0.10875	0.337716	0.00011257200439771016
0.436875	0.0303088	1.0102933272719382e-05
0.190125	0.0559513	1.8650433669487635e-05
0.3555	0.0450419	1.5013966709375381e-05
0.111375	0.292899	9.76330041885376e-05
0.274125	0.00803557	2.6785234610239665e-06
0.4395	-0.00126708	-4.2235998747249444e-07
0.19275	0.0635415	2.1180500586827595e-05
0.358125	-0.000283593	-9.453099725457529e-08
0.27675	-0.00732419	-2.441396626333396e-06
0.195375	0.0550747	1.835823307434718e-05
0.442125	0.0238658	7.955266783634822e-06
0.36075	0.00327326	1.0910866937289635e-06
0.279375	0.0318284	1.0609466582536697e-05
0.44475	0.0318776	1.062586655219396e-05
0.363375	-0.0396591	-1.3219700505336126e-05
0.447375	0.0298411	9.947033599019051e-06
