0.03	0.664762	0.000221587340037028
0.07	0.660615	0.00022020500898361207
0.11	0.643025	0.00021434166034062704
0.15	0.57194	0.00019064666827519735
0.23	0.289673	9.655766685803731e-05
0.31	0.148665	4.9554998675982155e-05
0.27	0.184671	6.155699988206227e-05
0.19	0.444158	0.0001480526626110077
0.0314815	0.664578	0.00022152600685755412
0.0714815	0.660476	0.00022015867630640666
0.111481	0.641983	0.0002139943242073059
0.151481	0.564261	0.00018808700640996298
0.231481	0.274707	9.156899650891623e-05
0.271481	0.221678	7.389266788959503e-05
0.311481	0.136833	4.561099906762441e-05
0.191481	0.429799	0.00014326633016268413
0.032963	0.66461	0.00022153667608896892
0.072963	0.659949	0.00021998300155003865
0.112963	0.638396	0.0002127986749013265
0.152963	0.562297	0.000187432328859965
0.232963	0.290342	9.678066770235698e-05
0.272963	0.177877	5.9292331337928774e-05
0.312963	0.138126	4.604200025399526e-05
0.192963	0.425465	0.0001418216625849406
0.0344444	0.664419	0.00022147299846013386
0.0744444	0.659632	0.00021987734238306683
0.114444	0.637141	0.00021238032976786297
0.154444	0.56029	0.00018676332632700603
0.234444	0.286822	9.560733040173849e-05
0.274444	0.206998	6.899933516979217e-05
0.314444	0.135123	4.504099984963735e-05
0.194444	0.414642	0.00013821400205294291
0.0359259	0.664448	0.00022148267428080242
0.0759259	0.659165	0.00021972167491912843
0.115926	0.637263	0.0002124210000038147
0.155926	0.55566	0.00018522000312805176
0.235926	0.280053	9.335099657376607e-05
0.275926	0.200448	6.681600213050842e-05
0.195926	0.415415	0.00013847166299819946
0.315926	0.137253	4.575100044409434e-05
0.0374074	0.664065	0.00022135500113169352
0.0774074	0.659283	0.00021976099411646525
0.117407	0.636763	0.0002122543255488078
0.157407	0.548058	0.00018268599112828573
0.237407	0.270662	9.022066990534464e-05
0.197407	0.406987	0.0001356623371442159
0.277407	0.194161	6.472033262252808e-05
0.317407	0.127141	4.2380332946777344e-05
0.0388889	0.664133	0.0002213776707649231
0.0788889	0.658704	0.00021956799427668255
0.118889	0.630747	0.00021024900674819946
0.158889	0.545263	0.0001817543307940165
0.238889	0.267868	8.92893373966217e-05
0.198889	0.40916	0.00013638666272163392
0.278889	0.184613	6.153766810894012e-05
0.318889	0.113953	3.798433393239975e-05
0.0403704	0.664064	0.0002213546633720398
0.0803704	0.658214	0.00021940465768178303
0.12037	0.632288	0.00021076265970865885
0.16037	0.538233	0.00017941099405288695
0.24037	0.271606	9.05353327592214e-05
0.28037	0.183433	6.114433209101359e-05
0.20037	0.395145	0.00013171499967575074
0.32037	0.128157	4.271900157133738e-05
0.0418519	0.663917	0.00022130566835403443
0.0818519	0.657592	0.00021919733285903932
0.121852	0.62768	0.00020922666788101196
0.161852	0.537772	0.000179257333278656
0.241852	0.261096	8.703200022379557e-05
0.201852	0.389119	0.00012970633308092753
0.281852	0.172787	5.7595665256182356e-05
0.0433333	0.663848	0.00022128266096115113
0.321852	0.129458	4.31526650985082e-05
0.0833333	0.657344	0.00021911466121673584
0.123333	0.627875	0.00020929165681203208
0.163333	0.529105	0.00017636833588282268
0.243333	0.268214	8.940466245015463e-05
0.203333	0.387233	0.00012907766302426655
0.0448148	0.663709	0.00022123632828394572
0.283333	0.17383	5.7943334182103475e-05
0.323333	0.135484	4.51613316933314e-05
0.0848148	0.656933	0.00021897766987482708
0.124815	0.627201	0.00020906700690587361
0.164815	0.526232	0.00017541066805521648
0.0462963	0.66339	0.0002211299935976664
0.204815	0.38007	0.00012669000029563905
0.244815	0.262624	8.754133184750875e-05
0.284815	0.145988	4.866266747315725e-05
0.324815	0.134134	4.4711331526438395e-05
0.0862963	0.655444	0.00021848134199778239
0.126296	0.622326	0.00020744200547536214
0.166296	0.519564	0.00017318799098332724
0.0477778	0.663263	0.00022108767429987588
0.206296	0.366346	0.00012211533387502036
0.246296	0.256512	8.550399541854858e-05
0.286296	0.179417	5.980566640694936e-05
0.0877778	0.654965	0.0002183216611544291
0.326296	0.12655	4.218333462874095e-05
0.127778	0.619579	0.00020652633905410766
0.167778	0.513248	0.00017108267545700074
0.0492593	0.66333	0.00022111000617345175
0.207778	0.369203	0.00012306766708691916
0.247778	0.235415	7.847166558106741e-05
0.287778	0.170902	5.696733295917511e-05
0.0892593	0.655036	0.00021834532419840494
0.327778	0.122429	4.080966611703237e-05
0.129259	0.619768	0.00020658934116363526
0.169259	0.511405	0.00017046833038330078
0.0507407	0.663184	0.00022106132904688516
0.209259	0.359597	0.00011986566583315531
0.249259	0.233879	7.795966664950053e-05
0.0907407	0.654968	0.0002183226744333903
0.289259	0.185052	6.168400247891744e-05
0.329259	0.106706	3.5568666954835255e-05
0.130741	0.616411	0.00020547032356262206
0.170741	0.508467	0.0001694890062014262
0.0522222	0.663008	0.00022100265820821125
0.210741	0.35362	0.00011787333091100057
0.0922222	0.654015	0.00021800500154495238
0.250741	0.233928	7.797599832216899e-05
0.290741	0.149955	4.998500148455302e-05
0.330741	0.113792	3.7930667400360106e-05
0.132222	0.613711	0.00020457033316294352
0.172222	0.497594	0.00016586466630299886
0.0537037	0.662856	0.00022095199426015218
0.0937037	0.652794	0.0002175980011622111
0.212222	0.348175	0.00011605832974116007
0.252222	0.250672	8.355733752250672e-05
0.292222	0.160916	5.363866686820984e-05
0.332222	0.104054	3.46846655011177e-05
0.133704	0.608397	0.00020279900232950847
0.173704	0.497946	0.0001659819980462392
0.0551852	0.662707	0.00022090232372283937
0.0951852	0.652679	0.00021755967537562054
0.213704	0.343611	0.00011453700065612793
0.253704	0.241593	8.053100109100342e-05
0.293704	0.16272	5.423999826113383e-05
0.333704	0.114291	3.809699912865956e-05
0.135185	0.606806	0.00020226866006851197
0.175185	0.490206	0.00016340200106302897
0.0566667	0.662813	0.00022093766927719117
0.0966667	0.652028	0.00021734267473220826
0.215185	0.353336	0.00011777866880098979
0.295185	0.166716	5.557199815909068e-05
0.255185	0.217847	7.261566817760467e-05
0.335185	0.0936817	3.1227233509222664e-05
0.136667	0.602453	0.00020081766446431479
0.0581481	0.662135	0.00022071166833241782
0.176667	0.481628	0.00016054266691207885
0.0981481	0.65104	0.0002170133392016093
0.216667	0.332964	0.0001109880010286967
0.296667	0.162203	5.406766633192698e-05
0.256667	0.221858	7.39526649316152e-05
0.336667	0.130904	4.363466799259186e-05
0.0596296	0.662136	0.00022071200609207153
0.138148	0.60101	0.0002003366748491923
0.178148	0.477397	0.00015913233160972596
0.0996296	0.6499	0.00021663333972295125
0.218148	0.338063	0.00011268766721089682
0.298148	0.169534	5.651133259137472e-05
0.0611111	0.661863	0.00022062100966771444
0.258148	0.20845	6.948333481947581e-05
0.13963	0.597659	0.00019921966393788657
0.338148	0.119701	3.990033268928528e-05
0.17963	0.477433	0.00015914433201154074
0.101111	0.649942	0.00021664732694625855
0.21963	0.320599	0.00010686632990837097
0.0625926	0.661471	0.00022049033641815185
0.29963	0.151916	5.06386657555898e-05
0.25963	0.226542	7.551399866739908e-05
0.141111	0.593352	0.00019778400659561156
0.181111	0.466841	0.0001556136707464854
0.33963	0.113282	3.7760667502880095e-05
0.102593	0.647231	0.00021574366092681885
0.0640741	0.661654	0.00022055133183797201
0.221111	0.321903	0.00010730099678039551
0.261111	0.215983	7.19943344593048e-05
0.142593	0.590855	0.00019695166746775308
0.301111	0.15619	5.206333100795746e-05
0.182593	0.463194	0.00015439800421396892
0.341111	0.0850422	2.834740032752355e-05
0.104074	0.646089	0.00021536300579706827
0.0655556	0.661167	0.0002203890085220337
0.222593	0.323614	0.0001078713337580363
0.144074	0.584937	0.00019497899214426676
0.262593	0.219892	7.32973317305247e-05
0.302593	0.150799	5.026633540789286e-05
0.184074	0.458504	0.00015283466378847757
0.342593	0.101429	3.3809666832288106e-05
0.105556	0.645702	0.00021523400147755941
0.067037	0.661011	0.0002203369935353597
0.224074	0.312412	0.0001041373312473297
0.145556	0.586568	0.00019552266597747803
0.304074	0.141065	4.702166716257731e-05
0.264074	0.203803	6.793433427810669e-05
0.185556	0.452534	0.00015084466338157653
0.344074	0.120679	4.0226332843303684e-05
0.107037	0.643977	0.00021465899546941122
0.0685185	0.660706	0.00022023532787958781
0.147037	0.579643	0.00019321433703104655
0.225556	0.31	0.00010333333412806192
0.305556	0.175903	5.863433579603831e-05
0.187037	0.445601	0.00014853366216023762
0.265556	0.205207	6.840233504772187e-05
0.345556	0.0856186	2.8539533416430156e-05
0.108519	0.643364	0.00021445467074712117
0.148519	0.573888	0.00019129600127538044
0.227037	0.308001	0.00010266700387001038
0.307037	0.155753	5.1917667190233865e-05
0.188519	0.438514	0.00014617133140563965
0.267037	0.194459	6.48196687301e-05
0.347037	0.0762065	2.5402165949344634e-05
0.228519	0.294858	9.828600287437439e-05
0.308519	0.147861	4.928700129191081e-05
0.268519	0.222293	7.409766813119252e-05
0.348519	0.0959653	3.198843449354172e-05
