0.03	0.666089	0.00022202966610590616
0.114	0.615158	0.00020505267381668092
0.198	0.0771381	2.571270118157069e-05
0.282	0.0137365	4.578833468258381e-06
0.366	0.0704481	2.348270018895467e-05
0.032625	0.666018	0.00022200600306193034
0.116625	0.607383	0.00020246100425720215
0.200625	0.0846756	2.8225200871626537e-05
0.284625	0.0156184	5.206133238971233e-06
0.368625	0.0278785	9.292833507061004e-06
0.03525	0.666009	0.00022200300296147665
0.11925	0.58751	0.0001958366632461548
0.20325	0.0658813	2.1960432330767313e-05
0.28725	0.0451881	1.5062699715296428e-05
0.37125	0.0540211	1.8007033814986546e-05
0.037875	0.665942	0.00022198067108790078
0.121875	0.566716	0.00018890533844629923
0.205875	0.0457701	1.5256700416405995e-05
0.289875	0.0446251	1.4875033249457677e-05
0.373875	0.0148726	4.957533441483974e-06
0.0405	0.665838	0.00022194600105285644
0.1245	0.551083	0.00018369434277216594
0.2085	0.0672043	2.2401432196299235e-05
0.2925	0.0369338	1.2311266114314396e-05
0.3765	-0.000840207	-2.8006899325797955e-07
0.043125	0.665804	0.00022193467617034912
0.127125	0.535169	0.00017838966846466065
0.211125	0.0481857	1.6061899562676747e-05
0.295125	0.0424149	1.4138299971818924e-05
0.379125	0.0400313	1.3343766331672669e-05
0.04575	0.665711	0.00022190366188685098
0.12975	0.48978	0.00016326000293095906
0.21375	0.0300414	1.0013800114393235e-05
0.29775	0.0331946	1.106486717859904e-05
0.048375	0.665643	0.00022188099225362143
0.38175	-0.00270572	-9.01906673486034e-07
0.132375	0.469614	0.00015653799970944722
0.216375	0.0218528	7.284266874194145e-06
0.051	0.665563	0.0002218543291091919
0.300375	-0.0150977	-5.032566686471303e-06
0.384375	0.0234718	7.823933536807696e-06
0.135	0.449863	0.0001499543289343516
0.219	0.0684332	2.2811067601044973e-05
0.053625	0.665449	0.00022181634108225506
0.303	0.0143027	4.767566608885924e-06
0.387	0.010936	3.6453334614634513e-06
0.137625	0.426383	0.00014212766289710998
0.221625	0.0584488	1.948293298482895e-05
0.05625	0.665366	0.00022178866465886435
0.305625	0.0013083	4.3609998344133295e-07
0.14025	0.393481	0.00013116032878557842
0.389625	0.0268769	8.958966781695684e-06
0.058875	0.665278	0.00022175933917363485
0.22425	0.0530399	1.7679966986179353e-05
0.30825	0.01161	3.870000131428242e-06
0.142875	0.354591	0.00011819700400034586
0.39225	0.042432	1.4143999665975571e-05
0.0615	0.665018	0.00022167267402013142
0.226875	0.0414473	1.3815766821304958e-05
0.310875	0.0380576	1.2685866405566533e-05
0.1455	0.322058	0.0001073526640733083
0.394875	0.00180873	6.029099846879642e-07
0.064125	0.664861	0.00022162034114201864
0.2295	0.0606541	2.0218033343553543e-05
0.3135	0.05902	1.967333381374677e-05
0.148125	0.302152	0.00010071733593940735
0.3975	-0.0252338	-8.4112665305535e-06
0.06675	0.664743	0.00022158100207646687
0.232125	0.0368884	1.2296132743358611e-05
0.15075	0.2944	9.813333551088969e-05
0.316125	-0.00479494	-1.5983132955928643e-06
0.069375	0.664527	0.00022150899966557822
0.400125	0.0096583	3.219433439274629e-06
0.23475	0.0405072	1.3502400368452073e-05
0.153375	0.274867	9.162233273188273e-05
0.31875	0.00915265	3.050883300602436e-06
0.072	0.664215	0.00022140500942866007
0.40275	-0.00591443	-1.971476711332798e-06
0.237375	0.034857	1.1619000385204952e-05
0.156	0.253709	8.456966280937195e-05
0.321375	0.0614334	2.0477800319592157e-05
0.074625	0.663815	0.00022127167383829751
0.405375	0.0266722	8.890733122825623e-06
0.24	0.0353772	1.1792400230964025e-05
0.158625	0.216925	7.230833172798156e-05
0.07725	0.663528	0.000221176008383433
0.324	-0.00425676	-1.4189199234048526e-06
0.408	0.0491187	1.637290045619011e-05
0.242625	0.0721706	2.405686676502228e-05
0.16125	0.194927	6.497566898663839e-05
0.079875	0.662918	0.00022097265720367432
0.326625	-0.0112025	-3.734166733920574e-06
0.410625	0.00336006	1.120020014544328e-06
0.24525	0.0401847	1.3394899666309357e-05
0.163875	0.192472	6.415733198324839e-05
0.0825	0.662543	0.0002208476662635803
0.32925	0.0340667	1.1355566481749217e-05
0.41325	-0.00138785	-4.6261667739599946e-07
0.247875	0.0472866	1.5762199958165486e-05
0.1665	0.170002	5.666733284791311e-05
0.085125	0.661747	0.00022058232625325522
0.331875	0.0479626	1.5987532834211985e-05
0.415875	-0.00527583	-1.7586100536088148e-06
0.2505	0.0381644	1.2721466521422068e-05
0.08775	0.660975	0.00022032499313354493
0.169125	0.176666	5.8888668815294904e-05
0.3345	0.00534394	1.7813133696715037e-06
0.4185	0.0381869	1.2728966772556305e-05
0.253125	0.0435591	1.4519700159629186e-05
0.090375	0.660824	0.00022027466694513956
0.17175	0.162579	5.4192999998728435e-05
0.337125	0.0303801	1.0126700003941853e-05
0.25575	0.0513949	1.7131632814804714e-05
0.421125	0.00608776	2.0292533251146474e-06
0.093	0.658342	0.00021944733460744223
0.174375	0.16248	5.415999889373779e-05
0.33975	0.0154103	5.136766781409581e-06
0.095625	0.656967	0.0002189889947573344
0.258375	0.0192641	6.421366706490517e-06
0.42375	-0.0371929	-1.2397633244593938e-05
0.177	0.145912	4.863733549912771e-05
0.342375	0.047459	1.581966628630956e-05
0.09825	0.65472	0.00021824000279108683
0.261	0.0353799	1.1793300509452819e-05
0.426375	-0.016853	-5.617666368683179e-06
0.179625	0.117043	3.901433447996775e-05
0.345	0.0522705	1.7423500617345175e-05
0.100875	0.650744	0.00021691467364629108
0.263625	0.0504506	1.6816866894563037e-05
0.18225	0.127233	4.241099953651428e-05
0.429	0.00557487	1.8582899744311968e-06
0.347625	-0.00154433	-5.147766787558794e-07
0.1035	0.64946	0.00021648667256037393
0.26625	0.0523397	1.7446566373109818e-05
0.184875	0.116485	3.8828333218892415e-05
0.431625	0.034594	1.1531333128611246e-05
0.106125	0.6392	0.00021306665738423666
0.35025	0.0186562	6.21873326599598e-06
0.268875	0.0370134	1.2337800115346908e-05
0.1875	0.0810499	2.701663225889206e-05
0.43425	0.0319226	1.0640867054462433e-05
0.10875	0.633352	0.00021111732721328734
0.352875	0.0660614	2.202046662569046e-05
0.2715	0.0221548	7.384933531284332e-06
0.190125	0.0844151	2.8138366838296255e-05
0.436875	0.0108802	3.626733397444089e-06
0.111375	0.625488	0.00020849599440892538
0.3555	0.0332182	1.1072733749945958e-05
0.274125	0.0235078	7.835933317740759e-06
0.19275	0.09033	3.0109999080499015e-05
0.4395	0.0222251	7.40836684902509e-06
0.358125	0.0203008	6.766933326919874e-06
0.195375	0.0704851	2.3495033383369444e-05
0.27675	0.0456592	1.5219733119010926e-05
0.442125	0.0252504	8.416799828410148e-06
0.36075	0.0251985	8.399500201145808e-06
0.279375	0.0417327	1.3910899559656779e-05
0.44475	-0.0311746	-1.0391533374786377e-05
0.363375	-0.0186387	-6.212900082270305e-06
0.447375	0.0216274	7.209133356809616e-06
