0.03	0.256338	8.544600009918213e-05
0.114	0.065037	2.1678999066352845e-05
0.198	0.0429816	1.4327199508746465e-05
0.366	0.0302394	1.0079799840847652e-05
0.282	0.0347299	1.1576633900403977e-05
0.032625	0.223618	7.453933358192444e-05
0.116625	0.0643898	2.1463267505168916e-05
0.200625	0.0435397	1.4513233055671056e-05
0.284625	0.0347142	1.1571399867534637e-05
0.368625	0.0295864	9.862133612235387e-06
0.03525	0.197073	6.569099922974905e-05
0.11925	0.0634507	2.1150233844916025e-05
0.20325	0.0429093	1.4303100605805715e-05
0.28725	0.034588	1.1529333889484406e-05
0.37125	0.0292003	9.733433524767557e-06
0.037875	0.192206	6.406866510709127e-05
0.121875	0.0619411	2.0647032807270685e-05
0.205875	0.0432862	1.4428733537594478e-05
0.289875	0.033657	1.1218999822934468e-05
0.373875	0.028687	9.562333424886068e-06
0.0405	0.169016	5.633866786956787e-05
0.1245	0.0626768	2.0892267425855002e-05
0.2085	0.0429838	1.4327933390935262e-05
0.2925	0.0332907	1.1096899708112081e-05
0.3765	0.0285411	9.513699760039647e-06
0.043125	0.162354	5.41180024544398e-05
0.127125	0.060868	2.028933291633924e-05
0.211125	0.041903	1.3967666774988174e-05
0.295125	0.0339078	1.1302600304285686e-05
0.379125	0.0288674	9.622466440002124e-06
0.04575	0.148539	4.9513002236684164e-05
0.12975	0.0597874	1.9929133355617522e-05
0.21375	0.0413914	1.379713291923205e-05
0.29775	0.0336946	1.1231532941261927e-05
0.38175	0.028899	9.632999698321024e-06
0.048375	0.144662	4.822066426277161e-05
0.132375	0.0582363	1.9412100315093993e-05
0.216375	0.0415712	1.3857066631317139e-05
0.300375	0.0334467	1.1148899793624879e-05
0.384375	0.0282842	9.428066511948903e-06
0.051	0.134901	4.49670006831487e-05
0.135	0.0576491	1.921636611223221e-05
0.219	0.0404083	1.3469432791074116e-05
0.303	0.0333104	1.1103466153144836e-05
0.387	0.0286163	9.538766617576282e-06
0.053625	0.127369	4.24563338359197e-05
0.137625	0.0573734	1.9124466925859453e-05
0.221625	0.0409733	1.3657766083876293e-05
0.305625	0.0327954	1.093179980913798e-05
0.389625	0.0286646	9.554866701364516e-06
0.05625	0.121601	4.0533666809399925e-05
0.14025	0.0566059	1.8868633856376013e-05
0.22425	0.0406277	1.3542566448450088e-05
0.30825	0.0327306	1.0910200575987498e-05
0.39225	0.0282485	9.416166692972183e-06
0.058875	0.115786	3.859533369541168e-05
0.142875	0.0561422	1.8714066594839097e-05
0.226875	0.0397147	1.3238233824570974e-05
0.310875	0.0324099	1.0803299645582835e-05
0.394875	0.0273974	9.1324665894111e-06
0.0615	0.110667	3.6888999243577324e-05
0.1455	0.0539213	1.7973766972621283e-05
0.2295	0.038872	1.2957333276669184e-05
0.3135	0.0322933	1.0764433691898982e-05
0.3975	0.0277989	9.26630012691021e-06
0.064125	0.106866	3.5622000694274904e-05
0.148125	0.0535368	1.7845599601666132e-05
0.232125	0.0401718	1.33905994395415e-05
0.316125	0.0321128	1.0704266528288524e-05
0.400125	0.0275531	9.184366712967554e-06
0.06675	0.102276	3.409199913342794e-05
0.15075	0.0525667	1.7522233227888743e-05
0.23475	0.0389621	1.2987366567055384e-05
0.31875	0.0324446	1.0814866671959559e-05
0.40275	0.0277952	9.265066434939703e-06
0.069375	0.100666	3.355533381303152e-05
0.153375	0.052467	1.7488999913136163e-05
0.237375	0.0390024	1.3000799963871638e-05
0.321375	0.0317376	1.0579199840625127e-05
0.405375	0.0276562	9.218733136852583e-06
0.072	0.0949931	3.1664366523424784e-05
0.156	0.0522696	1.7423200110594432e-05
0.24	0.0391938	1.306460052728653e-05
0.324	0.031347	1.044899970293045e-05
0.408	0.0277083	9.236099819342295e-06
0.074625	0.0933518	3.11172679066658e-05
0.158625	0.0511101	1.7036700000365575e-05
0.242625	0.0377203	1.2573433419068654e-05
0.326625	0.0317947	1.0598233590523402e-05
0.07725	0.0909746	3.03248663743337e-05
0.410625	0.0275026	9.167533367872238e-06
0.16125	0.0513894	1.712979997197787e-05
0.24525	0.0375398	1.2513266255458196e-05
0.32925	0.0319691	1.06563667456309e-05
0.079875	0.0884336	2.9477866987387338e-05
0.41325	0.0266798	8.893266941110293e-06
0.163875	0.0497813	1.659376670916875e-05
0.247875	0.0373813	1.2460432946681977e-05
0.331875	0.031531	1.0510332882404327e-05
0.0825	0.0857304	2.857680122057597e-05
0.415875	0.0269758	8.991933117310205e-06
0.1665	0.0490422	1.6347399602333703e-05
0.2505	0.0374918	1.2497266133626302e-05
0.085125	0.0842355	2.8078498939673107e-05
0.3345	0.0311795	1.0393166914582252e-05
0.4185	0.0272485	9.08283330500126e-06
0.169125	0.0490286	1.634286716580391e-05
0.253125	0.0375491	1.2516366938749949e-05
0.08775	0.0805808	2.6860266923904417e-05
0.337125	0.0310989	1.0366300120949745e-05
0.421125	0.0271069	9.03563325603803e-06
0.17175	0.0484294	1.614313324292501e-05
0.25575	0.0374389	1.247963309288025e-05
0.090375	0.0783835	2.612783263127009e-05
0.33975	0.0306054	1.0201799993713697e-05
0.42375	0.0268226	8.940866837898891e-06
0.174375	0.0480037	1.6001233210166295e-05
0.258375	0.0367243	1.2241433064142862e-05
0.093	0.0786957	2.6231899857521058e-05
0.342375	0.0305619	1.018729992210865e-05
0.426375	0.0267278	8.909266442060471e-06
0.177	0.0467632	1.558773343761762e-05
0.261	0.0362773	1.2092433869838715e-05
0.095625	0.0752334	2.5077799956003824e-05
0.345	0.0300997	1.0033233091235162e-05
0.179625	0.046224	1.540800059835116e-05
0.429	0.0266491	8.883033568660419e-06
0.263625	0.035663	1.1887667079766591e-05
0.09825	0.0739653	2.4655101199944814e-05
0.347625	0.0306554	1.0218466942509016e-05
0.18225	0.0463011	1.5433700134356818e-05
0.431625	0.0260552	8.685066675146421e-06
0.26625	0.0358446	1.1948200563589731e-05
0.100875	0.0727874	2.426246553659439e-05
0.35025	0.0306074	1.0202466820677122e-05
0.184875	0.0457723	1.525743305683136e-05
0.43425	0.0265214	8.840466539065044e-06
0.268875	0.036193	1.2064332763353983e-05
0.1035	0.0702454	2.3415133357048036e-05
0.352875	0.0301709	1.0056966915726661e-05
0.1875	0.0455493	1.5183099855979283e-05
0.436875	0.0261259	8.708633482456208e-06
0.2715	0.0353781	1.1792699495951335e-05
0.106125	0.0702325	2.341083437204361e-05
0.3555	0.0301632	1.0054400190711021e-05
0.190125	0.0440718	1.4690600335597992e-05
0.4395	0.0266493	8.883100003004075e-06
0.274125	0.0350744	1.1691467215617498e-05
0.10875	0.0681974	2.273246645927429e-05
0.358125	0.0299075	9.969166790445645e-06
0.19275	0.0438776	1.4625867207845053e-05
0.442125	0.0259539	8.651300022999446e-06
0.27675	0.0355616	1.1853866279125214e-05
0.111375	0.0681242	2.2708065807819365e-05
0.195375	0.0447429	1.4914300292730332e-05
0.36075	0.029876	9.958666438857715e-06
0.44475	0.0260795	8.69316669801871e-06
0.279375	0.0351882	1.1729400604963303e-05
0.363375	0.0293874	9.795799851417541e-06
0.447375	0.0261803	8.726766953865687e-06
