0.03	0.394336	0.00013144532839457195
0.114	0.110948	3.6982665459314985e-05
0.198	0.0732031	2.4401033918062846e-05
0.282	0.0575782	1.9192732870578767e-05
0.366	0.0489231	1.6307700425386427e-05
0.032625	0.363153	0.00012105100353558859
0.116625	0.107076	3.5691998898983e-05
0.200625	0.073584	2.4527999262015026e-05
0.284625	0.058532	1.9510666529337567e-05
0.368625	0.0492044	1.6401467223962147e-05
0.03525	0.326628	0.00010887599984804789
0.11925	0.104304	3.47680002450943e-05
0.20325	0.0714342	2.3811399936676024e-05
0.28725	0.0575213	1.9173766175905863e-05
0.37125	0.0480618	1.6020599752664567e-05
0.037875	0.302736	0.00010091200470924378
0.121875	0.10576	3.5253333548704786e-05
0.205875	0.0714938	2.383126566807429e-05
0.289875	0.0563747	1.8791566292444866e-05
0.373875	0.0489462	1.6315400600433348e-05
0.0405	0.29293	9.764333566029867e-05
0.1245	0.102694	3.423133244117101e-05
0.2085	0.0710844	2.369480083386103e-05
0.2925	0.0569471	1.8982366969188055e-05
0.3765	0.0481969	1.606563354531924e-05
0.043125	0.269049	8.968299627304078e-05
0.127125	0.100792	3.3597332735856375e-05
0.211125	0.0690991	2.303303281466166e-05
0.295125	0.056712	1.8904000520706176e-05
0.379125	0.0475418	1.5847266962130864e-05
0.04575	0.260562	8.685400088628133e-05
0.12975	0.10108	3.369333346684774e-05
0.21375	0.0671733	2.2391100724538166e-05
0.29775	0.0564271	1.880903293689092e-05
0.38175	0.0475649	1.5854967137177785e-05
0.048375	0.238461	7.94870009024938e-05
0.132375	0.0985044	3.283480058113734e-05
0.216375	0.0676796	2.2559866309165956e-05
0.300375	0.0547356	1.8245200316111245e-05
0.384375	0.0470516	1.5683867037296294e-05
0.051	0.226916	7.563866674900054e-05
0.135	0.0948924	3.1630799174308775e-05
0.219	0.068472	2.2823999325434366e-05
0.303	0.056224	1.874133323629697e-05
0.387	0.0470724	1.569079980254173e-05
0.053625	0.21631	7.210333148638407e-05
0.137625	0.0949404	3.16468005379041e-05
0.221625	0.0678582	2.2619398931662242e-05
0.305625	0.0551253	1.8375099947055182e-05
0.389625	0.0463947	1.5464899440606436e-05
0.05625	0.206107	6.870233515898387e-05
0.14025	0.0938013	3.126709908246994e-05
0.22425	0.0677516	2.258386711279551e-05
0.30825	0.0552973	1.8432433406511942e-05
0.39225	0.0466596	1.5553199996550877e-05
0.058875	0.197338	6.577933331330618e-05
0.142875	0.0925493	3.084976722796758e-05
0.226875	0.0665818	2.2193933526674907e-05
0.310875	0.055144	1.838133359948794e-05
0.394875	0.0468684	1.562279959519704e-05
0.0615	0.189357	6.311899920304616e-05
0.1455	0.0909676	3.0322534342606863e-05
0.2295	0.0671524	2.2384134431680043e-05
0.3135	0.0545956	1.8198533604542416e-05
0.064125	0.180892	6.029733518759409e-05
0.3975	0.0471498	1.5716599921385447e-05
0.148125	0.0906542	3.0218067268530526e-05
0.232125	0.0652876	2.176253249247869e-05
0.316125	0.0533747	1.7791566749413807e-05
0.06675	0.172867	5.762233336766561e-05
0.400125	0.047176	1.5725333243608475e-05
0.15075	0.0863431	2.878103405237198e-05
0.23475	0.0653836	2.1794532736142477e-05
0.31875	0.0523756	1.745853324731191e-05
0.069375	0.171369	5.7123000423113505e-05
0.40275	0.0467027	1.556756719946861e-05
0.153375	0.0890004	2.9666798810164134e-05
0.237375	0.0637138	2.123793214559555e-05
0.321375	0.0530707	1.7690233886241912e-05
0.072	0.16314	5.437999963760376e-05
0.405375	0.0456089	1.520296682914098e-05
0.156	0.0859191	2.86396990219752e-05
0.24	0.0659431	2.198103318611781e-05
0.074625	0.160747	5.358233551184336e-05
0.324	0.0528249	1.760829985141754e-05
0.408	0.0449529	1.4984299739201864e-05
0.158625	0.0843582	2.811940014362335e-05
0.07725	0.152696	5.0898666183153787e-05
0.242625	0.0647658	2.1588601171970366e-05
0.326625	0.0538382	1.794606695572535e-05
0.410625	0.0451724	1.5057466924190522e-05
0.16125	0.0839871	2.799570063749949e-05
0.079875	0.146751	4.891700049241384e-05
0.24525	0.0632667	2.108890066544215e-05
0.32925	0.0529764	1.765879988670349e-05
0.41325	0.0458249	1.5274966756502786e-05
0.163875	0.082632	2.7543999254703522e-05
0.0825	0.143767	4.7922333081563314e-05
0.247875	0.0627733	2.0924434065818785e-05
0.331875	0.0527044	1.7568133771419525e-05
0.415875	0.0458129	1.5270967036485673e-05
0.1665	0.082476	2.7491999169190726e-05
0.085125	0.140445	4.681499799092611e-05
0.2505	0.0636653	2.1221766869227092e-05
0.3345	0.0514489	1.714963341752688e-05
0.4185	0.0454369	1.514563336968422e-05
0.169125	0.0825458	2.751526733239492e-05
0.08775	0.13682	4.560666779677073e-05
0.253125	0.0624529	2.081763371825218e-05
0.337125	0.052004	1.7334666103124617e-05
0.421125	0.0450582	1.5019399424393972e-05
0.17175	0.0805951	2.6865032811959585e-05
0.090375	0.132239	4.407966633637746e-05
0.25575	0.0602893	2.0096433659394583e-05
0.33975	0.0517031	1.723436638712883e-05
0.42375	0.0436058	1.4535266906023025e-05
0.174375	0.0794916	2.649720013141632e-05
0.093	0.130226	4.34086670478185e-05
0.258375	0.0615591	2.0519699901342393e-05
0.342375	0.05174	1.724666605393092e-05
0.426375	0.0448782	1.4959399898846944e-05
0.177	0.0793636	2.6454533139864604e-05
0.095625	0.126081	4.202700157960256e-05
0.261	0.060952	2.031733343998591e-05
0.345	0.0503849	1.6794967154661813e-05
0.429	0.0448493	1.4949766298135122e-05
0.179625	0.0782804	2.6093465586503347e-05
0.09825	0.122699	4.0899666647116344e-05
0.263625	0.0599902	1.9996733715136847e-05
0.347625	0.0510022	1.700073356429736e-05
0.18225	0.0761293	2.5376434127489727e-05
0.431625	0.0449853	1.4995100597540538e-05
0.100875	0.121776	4.0591999888420106e-05
0.26625	0.0597756	1.9925199449062348e-05
0.35025	0.0503524	1.6784132768710455e-05
0.184875	0.0770791	2.5693034132321677e-05
0.43425	0.0436431	1.4547699441512426e-05
0.1035	0.117533	3.9177666107813514e-05
0.268875	0.059684	1.9894666969776154e-05
0.352875	0.0503142	1.677139972647031e-05
0.1875	0.076636	2.554533382256826e-05
0.436875	0.0437969	1.459896688659986e-05
0.106125	0.116744	3.8914665579795834e-05
0.2715	0.0593538	1.9784599542617798e-05
0.3555	0.0498142	1.660473272204399e-05
0.190125	0.0767613	2.5587099293867746e-05
0.10875	0.111483	3.7161000072956085e-05
0.4395	0.0438836	1.4627866446971893e-05
0.274125	0.0597351	1.9911700238784156e-05
0.358125	0.0505004	1.6833466788132984e-05
0.19275	0.0748387	2.494623263676961e-05
0.111375	0.111513	3.717100123564402e-05
0.442125	0.0435431	1.4514366785685222e-05
0.27675	0.0584409	1.9480300446351368e-05
0.36075	0.048684	1.6228000322977703e-05
0.195375	0.0739147	2.4638233085473377e-05
0.44475	0.0440684	1.4689466605583826e-05
0.279375	0.0578178	1.9272600611050922e-05
0.363375	0.0485604	1.6186799854040145e-05
0.447375	0.043868	1.4622667183478673e-05
