0.03	0.428767	0.0001429223318894704
0.114	0.131818	4.3939332167307536e-05
0.198	0.087159	2.9053000112374622e-05
0.282	0.0697126	2.3237533867359162e-05
0.366	0.058464	1.948799937963486e-05
0.032625	0.399236	0.0001330786645412445
0.116625	0.131307	4.3769001960754395e-05
0.200625	0.0870989	2.9032965501149495e-05
0.284625	0.0700403	2.3346766829490663e-05
0.368625	0.0578822	1.9294066975514095e-05
0.03525	0.378799	0.00012626633048057556
0.11925	0.12775	4.258333146572113e-05
0.20325	0.0848205	2.8273500502109526e-05
0.28725	0.0686189	2.2872967024644216e-05
0.37125	0.0583795	1.945983370145162e-05
0.037875	0.355449	0.00011848299702008565
0.121875	0.125793	4.193099836508433e-05
0.205875	0.0875264	2.9175467789173125e-05
0.289875	0.0673389	2.244629959265391e-05
0.373875	0.057591	1.9196999569733937e-05
0.0405	0.340437	0.00011347899834314982
0.1245	0.122653	4.0884333352247875e-05
0.2085	0.0840595	2.8019833068052927e-05
0.2925	0.0677696	2.2589867313702902e-05
0.3765	0.0577658	1.925526683529218e-05
0.043125	0.317825	0.00010594166318575541
0.127125	0.121108	4.0369334320227304e-05
0.211125	0.0842336	2.8077865640322368e-05
0.295125	0.0674592	2.248640110095342e-05
0.379125	0.0573504	1.9116800278425218e-05
0.04575	0.304777	0.00010159233212471008
0.12975	0.119779	3.992633273204168e-05
0.21375	0.0824346	2.747820069392522e-05
0.29775	0.0674163	2.2472100953261058e-05
0.38175	0.0576429	1.9214299817879995e-05
0.048375	0.286972	9.565732876459757e-05
0.132375	0.117553	3.9184334377447764e-05
0.216375	0.0837952	2.793173243602117e-05
0.300375	0.0664397	2.2146567702293396e-05
0.384375	0.057799	1.9266333431005477e-05
0.051	0.27758	9.252666433652243e-05
0.135	0.115327	3.8442333539326985e-05
0.219	0.0823091	2.7436365683873495e-05
0.303	0.0655674	2.185579886039098e-05
0.387	0.0570042	1.9001399477322898e-05
0.053625	0.258616	8.620533347129822e-05
0.137625	0.113421	3.78070001800855e-05
0.221625	0.0798074	2.6602466901143392e-05
0.305625	0.0660019	2.200063318014145e-05
0.389625	0.0564083	1.8802766998608906e-05
0.05625	0.249053	8.301766713460286e-05
0.14025	0.110817	3.6939000089963274e-05
0.22425	0.0807066	2.6902198791503906e-05
0.30825	0.0651386	2.1712866922219593e-05
0.39225	0.0564435	1.881450042128563e-05
0.058875	0.237924	7.930799822012584e-05
0.142875	0.109752	3.658399979273478e-05
0.226875	0.0804973	2.6832434038321177e-05
0.310875	0.0656538	2.1884600321451823e-05
0.0615	0.226296	7.543199757734934e-05
0.394875	0.0559354	1.8645133823156358e-05
0.1455	0.109124	3.6374665796756744e-05
0.2295	0.0820653	2.735509971777598e-05
0.3135	0.0642925	2.143083264430364e-05
0.064125	0.217678	7.255933185418447e-05
0.3975	0.0556019	1.853396619359652e-05
0.148125	0.106995	3.5665000478426616e-05
0.232125	0.0792691	2.6423034568627675e-05
0.316125	0.0644358	2.1478600800037385e-05
0.06675	0.210385	7.012833158175151e-05
0.400125	0.055657	1.8552333116531373e-05
0.15075	0.107099	3.569966554641724e-05
0.23475	0.0780512	2.601706733306249e-05
0.31875	0.0636301	2.1210032204786935e-05
0.069375	0.202419	6.74729992945989e-05
0.40275	0.053792	1.793066660563151e-05
0.153375	0.104076	3.4691999355951945e-05
0.237375	0.0785933	2.6197766264279682e-05
0.072	0.196306	6.543533504009247e-05
0.321375	0.0638714	2.129046618938446e-05
0.405375	0.0553101	1.8436700105667115e-05
0.156	0.10398	3.465999911228816e-05
0.24	0.0761926	2.5397534171740214e-05
0.074625	0.188694	6.289800008138021e-05
0.324	0.0635744	2.119146784146627e-05
0.408	0.0552032	1.8401066462198892e-05
0.158625	0.101364	3.378800054391225e-05
0.242625	0.0761728	2.539093295733134e-05
0.07725	0.185604	6.186800201733907e-05
0.326625	0.062793	2.0931000510851544e-05
0.410625	0.0534976	1.7832533766825994e-05
0.16125	0.0998566	3.328553338845571e-05
0.24525	0.0759322	2.5310732424259185e-05
0.079875	0.178703	5.956766506036123e-05
0.32925	0.0630432	2.1014399826526643e-05
0.41325	0.0557677	1.858923335870107e-05
0.163875	0.100452	3.34839994708697e-05
0.247875	0.075497	2.5165667136510213e-05
0.0825	0.173327	5.77756663163503e-05
0.331875	0.0619827	2.0660899579524995e-05
0.1665	0.0975814	3.25271338224411e-05
0.415875	0.0538598	1.7953266700108845e-05
0.2505	0.0748115	2.4937167763710024e-05
0.085125	0.169613	5.6537667910257976e-05
0.3345	0.062551	2.0850333074728648e-05
0.169125	0.0982368	3.27455997467041e-05
0.4185	0.0536205	1.7873499542474748e-05
0.253125	0.0749062	2.496873339017232e-05
0.08775	0.162829	5.427633225917816e-05
0.337125	0.0621658	2.0721933494011562e-05
0.17175	0.0977875	3.259583314259847e-05
0.421125	0.0544909	1.816363384326299e-05
0.090375	0.160156	5.3385332226753233e-05
0.25575	0.0746106	2.4870199461778004e-05
0.33975	0.0613549	2.0451633880535763e-05
0.174375	0.0961395	3.204649935166041e-05
0.42375	0.0546886	1.822953298687935e-05
0.093	0.15551	5.1836664477984114e-05
0.258375	0.0730669	2.4355632563432058e-05
0.342375	0.0612134	2.0404466738303503e-05
0.177	0.0955686	3.185619910558065e-05
0.426375	0.0540224	1.80074671904246e-05
0.095625	0.147515	4.9171666304270426e-05
0.261	0.0729165	2.430550009012222e-05
0.345	0.0608307	2.0276900380849837e-05
0.179625	0.0941805	3.139350066582362e-05
0.429	0.0539462	1.7982066919406257e-05
0.09825	0.149325	4.9774999419848124e-05
0.263625	0.0727853	2.4261767665545146e-05
0.347625	0.0612109	2.040363351504008e-05
0.18225	0.0922061	3.073536604642868e-05
0.100875	0.142794	4.759799937407176e-05
0.431625	0.0529882	1.7662733793258667e-05
0.26625	0.0725101	2.4170033633708954e-05
0.35025	0.0608576	2.0285867154598236e-05
0.184875	0.0911194	3.0373133718967436e-05
0.1035	0.142814	4.760466516017914e-05
0.43425	0.0526336	1.7544532815615335e-05
0.268875	0.0704947	2.349823216597239e-05
0.1875	0.0898566	2.9952200750509898e-05
0.352875	0.0607923	2.0264100283384323e-05
0.106125	0.140449	4.6816334128379824e-05
0.436875	0.0524691	1.7489700267712274e-05
0.2715	0.0708051	2.360170086224874e-05
0.190125	0.0909952	3.03317333261172e-05
0.3555	0.0595789	1.9859633098045984e-05
0.10875	0.137084	4.569466908772786e-05
0.4395	0.0525626	1.7520866046349206e-05
0.274125	0.0720563	2.4018766979376477e-05
0.19275	0.0878586	2.9286200801531473e-05
0.358125	0.0589638	1.965460057059924e-05
0.111375	0.132611	4.420366883277893e-05
0.442125	0.052208	1.740266631046931e-05
0.27675	0.0706534	2.3551133771737416e-05
0.195375	0.0893139	2.9771300653616586e-05
0.36075	0.0592646	1.975486675898234e-05
0.44475	0.0532582	1.7752733081579207e-05
0.279375	0.0695174	2.317246546347936e-05
0.363375	0.0605184	2.0172799626986186e-05
0.447375	0.0527398	1.7579933007558188e-05
