0.03	0.888617	0.0002962056597073873
0.0783333	0.760794	0.0002535979946454366
0.126667	0.15552	5.184000233809153e-05
0.175	0.074221	2.4740333358446757e-05
0.271667	0.0433902	1.4463399847348531e-05
0.223333	0.0532098	1.773660009106e-05
0.0317901	0.885945	0.00029531500736872357
0.0801235	0.753055	0.0002510183254877726
0.128457	0.148934	4.9644668896993e-05
0.17679	0.0721013	2.403376748164495e-05
0.225123	0.052385	1.7461666216452916e-05
0.273457	0.0425563	1.4185433586438497e-05
0.0335802	0.882617	0.0002942056655883789
0.0819136	0.740315	0.00024677167336146035
0.130247	0.144013	4.800433417161306e-05
0.17858	0.0716678	2.3889265954494475e-05
0.226914	0.0529618	1.7653933415810267e-05
0.275247	0.0425888	1.4196266730626424e-05
0.0353704	0.879876	0.00029329200585683185
0.0837037	0.728362	0.00024278734127680462
0.132037	0.137456	4.58186666170756e-05
0.18037	0.0699442	2.331473429997762e-05
0.228704	0.0513963	1.7132099717855455e-05
0.277037	0.0417627	1.3920899480581283e-05
0.0371605	0.87652	0.0002921733260154724
0.0854938	0.71388	0.00023796000083287558
0.133827	0.127322	4.244066774845123e-05
0.18216	0.0697429	2.3247634371121723e-05
0.230494	0.0520104	1.7336799452702204e-05
0.278827	0.0419749	1.3991632809241613e-05
0.0389506	0.873019	0.00029100632667541503
0.087284	0.702189	0.00023406300942103067
0.135617	0.122815	4.093833267688751e-05
0.183951	0.0680581	2.2686034440994262e-05
0.232284	0.0501166	1.6705532868703207e-05
0.280617	0.0423568	1.4118933429320653e-05
0.0407407	0.869715	0.0002899049917856852
0.0890741	0.69057	0.00023018999894460043
0.137407	0.120645	4.021500051021576e-05
0.185741	0.0665562	2.2185400128364563e-05
0.234074	0.0505853	1.686176657676697e-05
0.282407	0.0410294	1.3676467041174571e-05
0.0425309	0.866552	0.00028885066509246824
0.0908642	0.663435	0.0002211449940999349
0.139198	0.119486	3.9828665554523466e-05
0.187531	0.0665088	2.2169599930445353e-05
0.235864	0.0501955	1.673183341821035e-05
0.284198	0.0410818	1.3693933685620626e-05
0.044321	0.862961	0.00028765366474787395
0.0926543	0.627504	0.00020916799704233805
0.140988	0.113828	3.7942667802174884e-05
0.189321	0.0663829	2.212763329346975e-05
0.237654	0.0497296	1.657653351624807e-05
0.285988	0.0410336	1.3677866508563359e-05
0.0461111	0.859376	0.0002864586710929871
0.0944444	0.609142	0.00020304733514785766
0.142778	0.109787	3.659566740194957e-05
0.191111	0.0644624	2.1487466990947722e-05
0.239444	0.0488082	1.6269399474064508e-05
0.287778	0.0407525	1.3584166765213013e-05
0.0479012	0.85603	0.000285343329111735
0.0962346	0.560993	0.00018699767192204792
0.144568	0.1056	3.5199999809265136e-05
0.192901	0.0632418	2.1080600718657175e-05
0.241235	0.0491307	1.6376900176207223e-05
0.0496914	0.852296	0.00028409866491953533
0.289568	0.0404134	1.3471132765213649e-05
0.0980247	0.532559	0.00017751965920130412
0.146358	0.102015	3.400500118732452e-05
0.194691	0.063495	2.1165000895659128e-05
0.243025	0.0486021	1.620070015390714e-05
0.0514815	0.848146	0.00028271534045537316
0.291358	0.0396102	1.3203399876753489e-05
0.0998148	0.474778	0.00015825933218002318
0.148148	0.100315	3.343833237886429e-05
0.196481	0.0616464	2.054879938562711e-05
0.0532716	0.843543	0.00028118099768956504
0.244815	0.047623	1.5874333679676057e-05
0.293148	0.0401061	1.3368699699640273e-05
0.101605	0.441087	0.00014702900250752768
0.149938	0.0968176	3.227253258228302e-05
0.198272	0.0608454	2.028180037935575e-05
0.0550617	0.839922	0.0002799740036328634
0.246605	0.0468691	1.562303304672241e-05
0.103395	0.415357	0.00013845233122507732
0.294938	0.0402448	1.3414933035771051e-05
0.151728	0.0940474	3.134913245836894e-05
0.200062	0.0607454	2.024846648176511e-05
0.0568519	0.835083	0.0002783610026041667
0.248395	0.0470752	1.5691733608643213e-05
0.105185	0.376993	0.0001256643335024516
0.296728	0.0396594	1.3219799846410751e-05
0.153519	0.093501	3.116700053215027e-05
0.201852	0.0609618	2.0320600519577664e-05
0.058642	0.83055	0.0002768500049908956
0.250185	0.0463189	1.5439633280038834e-05
0.106975	0.341944	0.00011398133635520936
0.298519	0.0392603	1.308676724632581e-05
0.155309	0.0908133	3.0271100501219433e-05
0.203642	0.0591709	1.9723633925120036e-05
0.0604321	0.825935	0.0002753116687138875
0.108765	0.296682	9.889400005340576e-05
0.251975	0.0464373	1.5479100247224173e-05
0.300309	0.0394664	1.315546656648318e-05
0.157099	0.0890819	2.9693966110547382e-05
0.205432	0.0583296	1.9443200280268986e-05
0.0622222	0.820937	0.0002736456592877706
0.110556	0.27419	9.13966695467631e-05
0.253765	0.0461718	1.5390599767367044e-05
0.302099	0.0388736	1.2957867234945298e-05
0.158889	0.0859202	2.8640066583951315e-05
0.207222	0.0585472	1.9515732924143474e-05
0.0640123	0.816626	0.00027220867077509564
0.112346	0.257547	8.584899703661601e-05
0.255556	0.0457614	1.5253799657026927e-05
0.303889	0.0388776	1.2959199647108715e-05
0.160679	0.0854915	2.849716693162918e-05
0.209012	0.058519	1.950633277495702e-05
0.0658025	0.810147	0.000270048995812734
0.114136	0.229861	7.662033538023631e-05
0.257346	0.0448589	1.49529663225015e-05
0.305679	0.0384282	1.2809399515390396e-05
0.162469	0.0854566	2.8485534091790518e-05
0.0675926	0.804922	0.0002683073282241821
0.210802	0.0565394	1.8846467137336732e-05
0.115926	0.223209	7.440299789110819e-05
0.259136	0.0445669	1.485563317934672e-05
0.307469	0.037797	1.2599000086386999e-05
0.164259	0.0817651	2.725503345330556e-05
0.0693827	0.799869	0.0002666230003039042
0.212593	0.0564885	1.882949968179067e-05
0.117716	0.202807	6.760233143965404e-05
0.260926	0.044883	1.496100053191185e-05
0.309259	0.037252	1.2417333821455638e-05
0.166049	0.0789414	2.631379912296931e-05
0.0711728	0.793227	0.00026440900564193723
0.214383	0.0553715	1.8457166850566864e-05
0.119506	0.187117	6.237233181794484e-05
0.262716	0.0433917	1.4463900278011958e-05
0.311049	0.0377086	1.2569533040126164e-05
0.16784	0.0791811	2.639369914929072e-05
0.072963	0.785352	0.00026178399721781415
0.216173	0.0549182	1.8306066592534385e-05
0.121296	0.173541	5.784699817498525e-05
0.264506	0.043331	1.4443666984637579e-05
0.31284	0.0377133	1.2571100145578384e-05
0.0747531	0.777345	0.00025911500056584677
0.16963	0.077971	2.599033216635386e-05
0.217963	0.0545397	1.8179899702469508e-05
0.123086	0.166251	5.541700124740601e-05
0.266296	0.0444246	1.4808200299739837e-05
0.0765432	0.770869	0.00025695633888244627
0.31463	0.0375086	1.2502866486708324e-05
0.17142	0.0757184	2.5239467620849608e-05
0.219753	0.0542734	1.8091133485237756e-05
0.124877	0.160957	5.36523312330246e-05
0.268086	0.0433634	1.445446660121282e-05
0.17321	0.074523	2.484100063641866e-05
0.31642	0.0369133	1.2304433931907018e-05
0.221543	0.0534666	1.782219981153806e-05
0.269877	0.0429667	1.4322233696778615e-05
0.31821	0.0371211	1.2373699496189753e-05
