0.03	0.138578	4.619266589482625e-05
0.11	2.89503	0.0009650100072224935
0.07	0.412406	0.00013746866583824158
0.15	50.9696	0.016989866892496746
0.27	3.45759	0.001152530034383138
0.31	2.49722	0.0008324066797892253
0.19	11.0789	0.0036929667790730793
0.23	5.36561	0.0017885367075602214
0.0314815	0.146705	4.890166719754537e-05
0.111481	2.74735	0.0009157833258310954
0.0714815	0.439218	0.00014640600482622782
0.151481	46.1952	0.015398400624593099
0.271481	3.33297	0.0011109899679819743
0.311481	2.3638	0.000787933349609375
0.191481	11.2077	0.0037358999252319336
0.231481	5.1195	0.0017065000534057617
0.032963	0.144824	4.827466607093811e-05
0.112963	3.43958	0.0011465266545613608
0.072963	0.443902	0.00014796732862790426
0.152963	44.3878	0.01479593276977539
0.272963	3.30755	0.0011025166511535644
0.312963	2.41103	0.0008036766846974691
0.232963	5.29457	0.0017648566563924154
0.192963	10.7784	0.0035928001403808594
0.0344444	0.149186	4.972866674264272e-05
0.114444	3.72836	0.0012427866458892822
0.0744444	0.465679	0.00015522632996241252
0.154444	41.7431	0.013914366404215495
0.274444	3.21841	0.0010728033383687336
0.314444	2.31193	0.0007706433137257894
0.234444	4.98412	0.0016613732973734538
0.194444	10.3236	0.0034411999384562175
0.0359259	0.157707	5.256900191307068e-05
0.115926	3.83758	0.0012791933218638102
0.0759259	0.477447	0.00015914900104204812
0.155926	37.927	0.012642332712809245
0.275926	3.24707	0.0010823566913604737
0.315926	2.3305	0.0007768332958221436
0.195926	9.87232	0.003290773391723633
0.235926	4.8573	0.0016190999348958334
0.0374074	0.168418	5.613933503627777e-05
0.117407	4.66709	0.0015556966463724773
0.0774074	0.521719	0.00017390632629394533
0.157407	35.7769	0.011925633748372395
0.277407	3.18001	0.001060003360112508
0.317407	2.38186	0.0007939533392588297
0.197407	9.40052	0.0031335067749023436
0.237407	4.64537	0.0015484566688537598
0.0388889	0.186047	6.201566755771638e-05
0.118889	7.36164	0.002453879992167155
0.0788889	0.567887	0.00018929566939671834
0.158889	32.6003	0.010866766611735025
0.278889	3.10173	0.0010339100360870362
0.198889	9.53312	0.0031777067184448242
0.318889	2.22941	0.0007431366443634033
0.238889	4.81798	0.0016059932708740235
0.0403704	0.180571	6.0190334916114805e-05
0.0803704	0.588002	0.00019600067536036173
0.12037	7.5321	0.0025107000668843586
0.16037	30.5095	0.010169833501180014
0.28037	3.063	0.0010209999879201253
0.20037	8.93371	0.002977903366088867
0.24037	4.86429	0.0016214300791422525
0.32037	2.21302	0.0007376733620961507
0.0418519	0.186287	6.20956669251124e-05
0.0818519	0.607186	0.0002023953398068746
0.121852	7.99075	0.002663583278656006
0.161852	28.5104	0.009503466924031576
0.281852	3.0934	0.0010311333338419596
0.201852	8.34221	0.0027807366053263344
0.241852	4.58544	0.001528480052947998
0.321852	2.20923	0.0007364099820454915
0.0433333	0.197276	6.57586654027303e-05
0.0833333	0.622532	0.0002075106700261434
0.123333	12.3911	0.0041303666432698566
0.163333	27.7077	0.009235900243123372
0.283333	2.9597	0.000986566702524821
0.203333	8.61037	0.0028701232274373372
0.243333	4.55253	0.001517509937286377
0.323333	2.20177	0.000733923355738322
0.0448148	0.211896	7.063200076421103e-05
0.0848148	0.678659	0.00022621967395146687
0.124815	12.2867	0.004095566749572754
0.164815	24.89	0.008296666463216145
0.284815	3.01262	0.001004206657409668
0.204815	8.2543	0.0027514333724975586
0.244815	4.47776	0.001492586612701416
0.324815	2.21687	0.0007389566898345948
0.0462963	0.215455	7.181833187739054e-05
0.0862963	0.730929	0.00024364300568898518
0.126296	15.0626	0.005020866711934408
0.166296	24.29	0.008096666971842447
0.286296	2.99356	0.0009978533585866293
0.206296	8.16359	0.0027211968104044596
0.246296	4.37777	0.001459256649017334
0.326296	2.2004	0.0007334667046864828
0.0477778	0.218264	7.275466620922089e-05
0.0877778	0.747651	0.00024921699364980064
0.127778	20.542	0.006847333272298177
0.167778	22.8386	0.007612866719563802
0.287778	2.84827	0.0009494233131408692
0.207778	7.75723	0.002585743268330892
0.247778	4.32104	0.0014403467178344728
0.0492593	0.231905	7.730166614055634e-05
0.327778	2.12579	0.0007085967063903809
0.0892593	0.795587	0.00026519566774368285
0.129259	26.2656	0.008755200068155925
0.169259	21.1702	0.00705673344930013
0.289259	2.83958	0.0009465266863505046
0.209259	7.50682	0.002502273400624593
0.249259	4.13501	0.0013783365885416668
0.0507407	0.249062	8.302066723505655e-05
0.329259	2.19675	0.0007322499752044678
0.0907407	0.850308	0.00028343600034713744
0.130741	28.4046	0.009468200047810873
0.170741	20.239	0.0067463334401448565
0.210741	7.40935	0.0024697833061218264
0.290741	2.84289	0.0009476300080617269
0.0522222	0.242284	8.076133330663046e-05
0.250741	4.14665	0.0013822166124979655
0.330741	2.08469	0.0006948966979980469
0.0922222	0.917137	0.0003057123422622681
0.132222	37.3919	0.012463966369628906
0.172222	19.1306	0.006376866658528646
0.212222	7.22747	0.002409156640370687
0.0537037	0.258677	8.62256685892741e-05
0.292222	2.78058	0.0009268600145975748
0.252222	3.94729	0.0013157633145650229
0.332222	2.21322	0.0007377399603525797
0.0937037	0.972978	0.00032432599862416587
0.133704	39.7516	0.013250532786051433
0.173704	18.6924	0.0062307999928792315
0.0551852	0.280245	9.341500202814738e-05
0.213704	7.08249	0.0023608299891153973
0.293704	2.82261	0.0009408699671427409
0.253704	3.96694	0.0013223133087158204
0.0951852	1.04864	0.0003495466709136963
0.333704	2.1176	0.0007058666547139486
0.135185	50.9495	0.016983167012532552
0.175185	17.4364	0.005812133153279622
0.0566667	0.280295	9.343167146046956e-05
0.215185	6.82644	0.0022754799524943034
0.295185	2.75488	0.000918293317159017
0.255185	4.01421	0.0013380700747172038
0.0966667	1.09382	0.00036460665861765543
0.335185	2.04749	0.0006824966271718343
0.136667	54.9003	0.018300099690755207
0.176667	16.5497	0.005516566594441732
0.0581481	0.292794	9.759799639383951e-05
0.216667	6.57987	0.0021932900746663413
0.296667	2.66201	0.0008873366514841716
0.256667	3.84306	0.0012810200055440267
0.0981481	1.24722	0.0004157400131225586
0.138148	56.0586	0.01868620045979818
0.336667	2.0144	0.0006714666684468587
0.178148	15.8736	0.005291200002034506
0.0596296	0.309919	0.00010330633322397867
0.218148	6.67048	0.0022234932581583658
0.298148	2.68582	0.0008952733675638834
0.0996296	1.26629	0.00042209664980570475
0.258148	3.79882	0.001266273339589437
0.13963	60.1297	0.020043233235677083
0.338148	2.05314	0.0006843799750010172
0.17963	15.139	0.005046333312988281
0.0611111	0.332213	0.00011073767145474752
0.21963	6.18637	0.0020621232986450196
0.29963	2.56435	0.000854783296585083
0.101111	1.3857	0.000461899995803833
0.25963	3.75136	0.0012504533131917318
0.141111	60.9495	0.020316500345865886
0.33963	2.02758	0.0006758600076039632
0.181111	14.5014	0.004833799997965495
0.0625926	0.335547	0.00011184900005658468
0.221111	6.14396	0.002047986666361491
0.102593	1.53403	0.0005113433202107747
0.301111	2.63426	0.0008780866463979085
0.261111	3.74712	0.0012490399678548177
0.142593	62.6046	0.020868199666341146
0.341111	1.99149	0.0006638300021489461
0.182593	14.0515	0.004683833440144856
0.0640741	0.337928	0.00011264266570409139
0.104074	1.60277	0.00053425665696462
0.222593	6.02874	0.0020095799763997398
0.302593	2.58231	0.0008607699871063233
0.262593	3.60207	0.0012006900310516358
0.144074	60.1978	0.02006593322753906
0.342593	1.98894	0.0006629800001780192
0.184074	13.4744	0.004491466522216797
0.0655556	0.368818	0.00012293933828671773
0.105556	1.83435	0.0006114499966303507
0.224074	5.95108	0.001983693281809489
0.304074	2.52656	0.0008421866893768311
0.264074	3.6537	0.001217900037765503
0.145556	58.6219	0.019540632883707682
0.344074	1.966	0.0006553333202997843
0.185556	12.588	0.004196000099182129
0.067037	0.36911	0.0001230366627375285
0.107037	1.95009	0.0006500300168991089
0.225556	5.59146	0.0018638200759887695
0.305556	2.40698	0.0008023266792297364
0.147037	57.0971	0.019032366434733074
0.265556	3.57799	0.0011926633516947428
0.187037	12.3634	0.00412113348642985
0.345556	1.9647	0.0006548999945322672
0.0685185	0.395675	0.000131891667842865
0.108519	2.38095	0.0007936499913533528
0.227037	5.70789	0.0019026300112406412
0.307037	2.42776	0.0008092532952626546
0.148519	53.79	0.017930000305175782
0.267037	3.46994	0.0011566466490427654
0.188519	11.8717	0.003957233428955078
0.347037	1.90852	0.0006361733277638754
0.228519	5.68767	0.0018958900769551596
0.308519	2.46125	0.0008204166889190674
0.268519	3.50752	0.0011691733201344807
0.348519	1.93373	0.0006445766687393188
