0.03	7.50882	0.002502940018971761
0.11	3.27387	0.0010912899971008301
0.15	2.55284	0.0008509466648101806
0.27	1.43597	0.00047865664958953856
0.07	4.59762	0.001532540003458659
0.31	1.25959	0.00041986334323883056
0.19	1.97813	0.0006593766609827677
0.23	1.7481	0.0005827000141143799
0.0314815	7.53967	0.0025132233301798502
0.111481	3.28864	0.0010962133407592773
0.151481	2.49353	0.0008311766783396403
0.271481	1.49587	0.0004986233313878378
0.0714815	4.51864	0.001506213347117106
0.311481	1.26541	0.0004218033154805501
0.191481	2.05429	0.0006847633520762126
0.231481	1.69929	0.0005664300123850505
0.032963	7.12593	0.0023753099441528322
0.112963	3.10768	0.0010358933607737223
0.152963	2.45592	0.0008186399936676025
0.272963	1.43865	0.00047955000400543214
0.072963	4.48121	0.0014937367439270019
0.312963	1.27523	0.00042507668336232504
0.192963	2.08233	0.0006941099961598714
0.232963	1.63388	0.0005446266730626424
0.0344444	6.96673	0.0023222433725992838
0.114444	3.33316	0.0011110533078511557
0.154444	2.43224	0.0008107466697692871
0.274444	1.38894	0.00046297999223073326
0.0744444	4.43871	0.0014795700709025065
0.314444	1.21066	0.00040355332692464194
0.234444	1.63827	0.0005460900068283082
0.194444	1.96716	0.0006557199954986573
0.0359259	7.07641	0.0023588032722473146
0.115926	3.01735	0.0010057833194732665
0.155926	2.37063	0.0007902100086212158
0.0759259	4.31075	0.0014369166692097981
0.275926	1.41063	0.0004702099959055583
0.315926	1.24744	0.0004158133268356323
0.235926	1.62913	0.0005430433352788289
0.195926	2.06254	0.0006875133514404297
0.0374074	6.81255	0.0022708500226338705
0.0774074	4.36158	0.0014538599650065105
0.117407	3.16431	0.001054769992828369
0.157407	2.34412	0.0007813733418782552
0.277407	1.39158	0.0004638599952061971
0.237407	1.61954	0.000539846658706665
0.197407	1.91918	0.0006397266785303752
0.317407	1.22045	0.0004068166812260946
0.0388889	6.63094	0.0022103133201599122
0.0788889	4.24793	0.0014159766832987468
0.118889	3.12592	0.001041973352432251
0.158889	2.3584	0.000786133368810018
0.278889	1.39339	0.00046446335315704346
0.238889	1.63845	0.000546150008837382
0.198889	1.95579	0.0006519300142923991
0.318889	1.27682	0.00042560664812723795
0.0403704	6.41004	0.002136679967244466
0.0803704	4.40959	0.0014698632558186849
0.12037	3.07016	0.0010233866373697918
0.16037	2.36959	0.0007898633480072022
0.28037	1.34456	0.00044818667570749917
0.24037	1.61609	0.0005386966864267985
0.20037	1.96777	0.000655923326810201
0.32037	1.22454	0.00040817999839782714
0.0418519	6.37457	0.0021248566309611003
0.0818519	4.07877	0.0013595900535583495
0.121852	3.05728	0.00101909335454305
0.161852	2.39734	0.0007991133530934651
0.281852	1.43908	0.000479693333307902
0.241852	1.59041	0.0005301366647084554
0.201852	1.89472	0.0006315733194351196
0.321852	1.24402	0.0004146733283996582
0.0433333	6.47824	0.0021594133377075197
0.0833333	4.09152	0.0013638399442036948
0.123333	3.0805	0.0010268332958221435
0.163333	2.27355	0.0007578500111897786
0.283333	1.39207	0.00046402335166931155
0.243333	1.57366	0.0005245533386866252
0.203333	1.9516	0.0006505333185195923
0.323333	1.21256	0.0004041866858800252
0.0448148	6.17837	0.002059456666310628
0.0848148	3.90516	0.0013017199834187826
0.124815	2.95295	0.0009843166669209799
0.164815	2.29595	0.000765316645304362
0.284815	1.39271	0.0004642366568247477
0.244815	1.59652	0.0005321733156840007
0.204815	1.94917	0.0006497233311335246
0.324815	1.23168	0.0004105600118637085
0.0462963	6.11812	0.0020393733978271485
0.0862963	4.11096	0.0013703200022379557
0.126296	2.8835	0.0009611666997273763
0.166296	2.21651	0.0007388366858164469
0.286296	1.38808	0.00046269333362579346
0.246296	1.57639	0.000525463342666626
0.206296	1.92195	0.0006406499942143758
0.326296	1.2207	0.0004069000085194906
0.0477778	5.98686	0.0019956199328104653
0.0877778	3.98483	0.0013282766342163086
0.127778	2.79972	0.000933240016301473
0.167778	2.2652	0.0007550666332244873
0.287778	1.31455	0.00043818334738413494
0.247778	1.5418	0.0005139333407084147
0.207778	1.85663	0.0006188766558965047
0.327778	1.2117	0.0004038999875386556
0.0492593	5.95396	0.001984653313954671
0.0892593	3.88935	0.0012964499791463216
0.129259	2.91484	0.0009716133276621501
0.169259	2.26993	0.000756643295288086
0.289259	1.32195	0.00044064998626708985
0.249259	1.55937	0.000519790013631185
0.209259	1.85478	0.0006182599862416586
0.329259	1.20485	0.00040161665280659994
0.0507407	5.71988	0.0019066267013549804
0.0907407	3.79227	0.0012640899817148844
0.130741	2.91034	0.0009701133569081624
0.170741	2.26411	0.0007547033627827962
0.290741	1.3382	0.0004460666577021281
0.250741	1.59207	0.0005306899944941203
0.210741	1.85503	0.0006183433135350545
0.330741	1.20595	0.00040198334058125815
0.0522222	5.74991	0.0019166366259257
0.0922222	3.84842	0.001282806634902954
0.132222	2.79931	0.0009331033229827881
0.172222	2.25692	0.0007523066997528076
0.292222	1.30622	0.0004354066848754883
0.252222	1.48451	0.0004948366483052572
0.212222	1.83198	0.0006106599966684977
0.332222	1.20835	0.00040278331438700355
0.0537037	5.51664	0.0018388800621032715
0.0937037	3.62243	0.0012074766953786215
0.133704	2.85357	0.0009511899948120117
0.173704	2.05674	0.0006855800151824951
0.293704	1.33978	0.00044659332434336343
0.253704	1.50769	0.0005025633176167806
0.213704	1.8539	0.0006179666519165039
0.333704	1.21896	0.00040632001558939615
0.0551852	5.48767	0.0018292233149210613
0.0951852	3.68696	0.001228986660639445
0.135185	2.7514	0.0009171333312988281
0.175185	2.23609	0.0007453633149464925
0.295185	1.35163	0.0004505433241526286
0.255185	1.55583	0.0005186100006103516
0.215185	1.8448	0.0006149333318074545
0.335185	1.19338	0.0003977933327356974
0.0566667	5.29224	0.0017640800476074218
0.0966667	3.72414	0.001241379976272583
0.136667	2.74146	0.0009138200283050537
0.176667	2.1264	0.0007087999979654948
0.296667	1.31333	0.00043777668476104736
0.256667	1.50659	0.0005021966695785522
0.216667	1.77973	0.0005932433207829793
0.336667	1.14373	0.0003812433481216431
0.0581481	5.17388	0.0017246267000834148
0.0981481	3.69458	0.0012315266927083333
0.138148	2.75413	0.000918043295542399
0.178148	2.19558	0.0007318600018819173
0.298148	1.35237	0.000450790007909139
0.258148	1.4693	0.0004897666772206625
0.218148	1.80085	0.0006002833445866903
0.338148	1.18738	0.00039579331874847414
0.0596296	5.24903	0.0017496767044067384
0.0996296	3.62177	0.0012072566350301106
0.13963	2.6309	0.000876966635386149
0.17963	2.14051	0.000713503360748291
0.29963	1.30751	0.00043583667278289796
0.25963	1.54873	0.0005162433385848999
0.21963	1.78549	0.000595163345336914
0.33963	1.16026	0.00038675332069396974
0.0611111	5.14432	0.0017147733370463053
0.101111	3.44905	0.0011496833165486654
0.141111	2.70605	0.0009020166397094726
0.181111	2.18727	0.0007290899753570557
0.301111	1.31402	0.0004380066792170207
0.261111	1.44839	0.0004827966690063477
0.221111	1.78394	0.0005946466525395711
0.341111	1.11469	0.0003715633153915405
0.0625926	5.09863	0.001699543317159017
0.102593	3.38218	0.0011273933251698812
0.142593	2.64566	0.000881886641184489
0.182593	2.16109	0.0007203632990519206
0.302593	1.31815	0.00043938334782918294
0.262593	1.49095	0.0004969833294550577
0.222593	1.70954	0.0005698466698328654
0.342593	1.16963	0.0003898766835530599
0.0640741	5.17374	0.001724579970041911
0.104074	3.51496	0.0011716533501942952
0.144074	2.58246	0.0008608199755350749
0.184074	2.10987	0.0007032899856567383
0.304074	1.28895	0.00042964998881022136
0.264074	1.45702	0.0004856733481089274
0.224074	1.6798	0.000559933344523112
0.344074	1.14811	0.00038270334402720134
0.0655556	4.80674	0.0016022466023763021
0.105556	3.3757	0.0011252333323160807
0.145556	2.58363	0.000861210028330485
0.185556	2.08566	0.0006952199935913086
0.305556	1.25896	0.0004196533362070719
0.265556	1.49937	0.0004997899929682414
0.225556	1.71623	0.000572076678276062
0.345556	1.14121	0.0003804033199946086
0.067037	4.69213	0.0015640433629353842
0.107037	3.40838	0.0011361266771952312
0.147037	2.46242	0.0008208066622416179
0.187037	2.12174	0.0007072467009226481
0.307037	1.25509	0.00041836333274841307
0.267037	1.5336	0.0005111999909083049
0.227037	1.7003	0.0005667666594187418
0.347037	1.13447	0.0003781566619873047
0.0685185	4.72751	0.001575836658477783
0.108519	3.45594	0.0011519800027211507
0.148519	2.53495	0.0008449833393096924
0.188519	2.00245	0.0006674833297729493
0.308519	1.26888	0.0004229600032170614
0.268519	1.41199	0.0004706633488337199
0.228519	1.72287	0.0005742899974187215
0.348519	1.14424	0.0003814133405685425
