0.03	0.409652	0.0001365506649017334
0.11	37.3647	0.01245490010579427
0.15	12.806	0.004268666585286458
0.31	2.03447	0.0006781566937764486
0.27	2.66856	0.000889520009358724
0.07	2.31535	0.0007717833518981934
0.19	5.94863	0.0019828766187032065
0.23	3.72957	0.0012431899706522624
0.0314815	0.422497	0.0001408323347568512
0.111481	37.3056	0.012435199737548829
0.151481	12.0977	0.004032566706339519
0.311481	2.02982	0.0006766066551208496
0.0714815	2.4643	0.0008214333057403564
0.271481	2.66189	0.0008872966766357422
0.191481	5.63561	0.0018785367012023927
0.231481	3.65674	0.0012189133167266847
0.032963	0.442695	0.00014756499727567037
0.112963	35.9292	0.011976399739583332
0.152963	11.5044	0.003834800084431966
0.072963	2.51803	0.0008393433094024658
0.312963	2.06086	0.0006869533061981202
0.272963	2.49216	0.0008307200272878011
0.192963	5.70726	0.0019024200439453126
0.232963	3.58382	0.0011946067015329996
0.0344444	0.46985	0.00015661666790644328
0.114444	34.3507	0.011450233459472657
0.154444	11.0232	0.003674400011698405
0.0744444	2.87224	0.0009574133555094401
0.314444	1.94568	0.0006485600074132283
0.274444	2.5277	0.0008425666491190593
0.194444	5.57662	0.0018588733673095704
0.234444	3.55612	0.001185373306274414
0.0359259	0.487722	0.00016257400314013162
0.115926	35.1103	0.01170343271891276
0.0759259	3.90974	0.0013032466570536295
0.155926	11.3916	0.003797199885050456
0.315926	2.01732	0.000672439972559611
0.195926	5.32784	0.0017759466171264648
0.275926	2.50009	0.0008333632946014404
0.235926	3.51589	0.0011719632943471272
0.0374074	0.497401	0.0001658003330230713
0.117407	32.9507	0.010983566284179687
0.157407	10.9091	0.0036363665262858073
0.0774074	4.33147	0.0014438233375549316
0.317407	1.98219	0.0006607300043106079
0.277407	2.47613	0.0008253766695658365
0.197407	5.40089	0.0018002966245015462
0.237407	3.43381	0.0011446033318837485
0.0388889	0.530115	0.000176705002784729
0.118889	31.712	0.010570666631062825
0.158889	10.2756	0.00342520014444987
0.0788889	4.38518	0.0014617266654968263
0.318889	1.88907	0.0006296900113423665
0.278889	2.50492	0.0008349733352661133
0.198889	5.11636	0.0017054533958435058
0.238889	3.39588	0.0011319599946339924
0.0403704	0.55272	0.00018424000342686972
0.12037	30.5516	0.010183866500854493
0.16037	9.93934	0.003313113212585449
0.0803704	4.55539	0.0015184632937113444
0.32037	1.94061	0.0006468700170516968
0.28037	2.49063	0.0008302099704742431
0.20037	5.28786	0.001762619972229004
0.24037	3.3614	0.0011204666296641033
0.0418519	0.600213	0.00020007099707921347
0.121852	29.2424	0.009747466405232748
0.161852	9.54976	0.003183253288269043
0.0818519	6.12524	0.0020417466163635254
0.321852	1.92633	0.000642109990119934
0.281852	2.47026	0.00082341996828715
0.201852	4.92553	0.001641843318939209
0.241852	3.32323	0.0011077433427174885
0.0433333	0.61633	0.00020544334252675374
0.123333	27.1578	0.009052600224812826
0.163333	9.46803	0.0031560099919637043
0.0833333	6.16161	0.0020538700421651205
0.323333	1.91166	0.0006372199853261312
0.283333	2.3292	0.0007764000097910563
0.203333	5.01262	0.0016708733240763346
0.243333	3.41143	0.00113714329401652
0.0448148	0.675948	0.00022531600793202717
0.124815	26.4577	0.008819233576456706
0.164815	8.74875	0.002916249910990397
0.0848148	7.5544	0.002518133322397868
0.324815	1.88506	0.0006283533175786336
0.284815	2.40168	0.0008005599975585937
0.204815	4.86712	0.0016223732630411783
0.244815	3.17951	0.0010598367055257162
0.0462963	0.701834	0.0002339446743329366
0.126296	24.9243	0.008308099746704102
0.166296	8.91799	0.002972663243611654
0.0862963	10.2711	0.003423700014750163
0.326296	1.86471	0.0006215699911117554
0.286296	2.32829	0.0007760966618855794
0.0477778	0.684512	0.00022817067305246988
0.206296	4.7998	0.0015999333063761393
0.246296	3.25368	0.001084559996922811
0.127778	24.4298	0.008143266677856446
0.167778	8.34496	0.00278165340423584
0.0877778	11.9389	0.003979633331298828
0.327778	1.85119	0.0006170633236567179
0.287778	2.35353	0.0007845099767049154
0.0492593	0.747055	0.00024901833136876424
0.207778	4.74583	0.0015819433530171712
0.247778	3.15534	0.0010517799854278564
0.129259	22.0356	0.007345200220743815
0.169259	8.26745	0.0027558167775472006
0.0892593	13.3323	0.004444100062052409
0.0507407	0.80172	0.0002672400077184041
0.329259	1.87417	0.0006247233152389527
0.289259	2.33061	0.0007768700122833252
0.209259	4.66036	0.0015534532864888509
0.249259	2.93981	0.000979936679204305
0.130741	22.0071	0.007335699717203776
0.170741	8.15949	0.0027198298772176106
0.0907407	14.6673	0.004889100074768066
0.0522222	0.85786	0.0002859533429145813
0.330741	1.76858	0.0005895266532897949
0.290741	2.33413	0.0007780433495839437
0.210741	4.52641	0.0015088033676147461
0.250741	3.07536	0.0010251200199127197
0.132222	21.6834	0.007227799733479818
0.172222	7.78263	0.002594209988911947
0.0922222	16.638	0.005546000162760417
0.0537037	0.896934	0.00029897799094518026
0.332222	1.80781	0.0006026033163070678
0.292222	2.24997	0.0007499899864196778
0.212222	4.48506	0.001495020071665446
0.252222	2.99182	0.000997273365656535
0.133704	19.6617	0.006553899765014648
0.173704	7.62416	0.002541386604309082
0.0937037	21.9057	0.007301900227864583
0.0551852	0.992718	0.0003309059937795003
0.333704	1.77254	0.0005908466577529908
0.293704	2.26694	0.0007556467056274414
0.213704	4.41645	0.0014721500078837078
0.253704	2.87911	0.0009597033659617106
0.135185	19.1891	0.006396366755167643
0.175185	7.38602	0.002462006727854411
0.0951852	20.8543	0.006951433181762695
0.0566667	1.06219	0.000354063351949056
0.335185	1.78474	0.0005949133237202962
0.295185	2.21316	0.000737720012664795
0.215185	4.27507	0.0014250233968098958
0.255185	2.98125	0.000993750015894572
0.136667	18.4058	0.006135266621907552
0.0966667	24.5517	0.008183900197347006
0.176667	7.39309	0.002464363257090251
0.0581481	1.08876	0.0003629200061162313
0.336667	1.72654	0.0005755133231480917
0.296667	2.19813	0.0007327099641164144
0.216667	4.20856	0.0014028533299763996
0.138148	17.2159	0.005738633473714193
0.256667	2.90085	0.0009669500192006429
0.0981481	26.8266	0.00894219970703125
0.178148	7.00393	0.0023346433639526367
0.0596296	1.21648	0.00040549333890279134
0.338148	1.7822	0.0005940666596094767
0.218148	4.0467	0.0013489000002543132
0.298148	2.20937	0.0007364566326141357
0.13963	16.357	0.0054523334503173825
0.258148	2.83967	0.0009465566476186116
0.0996296	28.1497	0.009383233388264973
0.17963	7.02088	0.0023402934074401856
0.0611111	1.24625	0.000415416677792867
0.21963	4.06691	0.0013556365966796876
0.33963	1.76208	0.0005873599847157796
0.141111	16.224	0.005408000310262044
0.25963	2.79211	0.0009307033220926921
0.29963	2.23949	0.0007464966773986817
0.101111	31.3821	0.010460699717203776
0.181111	6.61561	0.002205203374226888
0.0625926	1.4789	0.0004929666519165039
0.221111	4.18675	0.0013955833117167155
0.142593	15.3633	0.005121100107828776
0.341111	1.75823	0.0005860766569773356
0.261111	2.83685	0.0009456166426340739
0.301111	2.13194	0.0007106466293334961
0.102593	34.04	0.011346666971842449
0.0640741	1.44411	0.00048137001196543375
0.182593	6.56718	0.0021890600522359214
0.222593	3.89272	0.0012975733280181886
0.262593	2.80069	0.0009335633118947347
0.144074	14.644	0.0048813333511352535
0.342593	1.7396	0.000579866647720337
0.302593	2.15719	0.0007190633614857991
0.104074	35.0925	0.011697499593098959
0.0655556	1.62777	0.0005425899823506673
0.184074	6.365	0.0021216665903727215
0.224074	3.73743	0.001245810031890869
0.264074	2.79316	0.0009310533205668132
0.145556	14.5439	0.004847966512044271
0.344074	1.72352	0.000574506680170695
0.105556	36.7591	0.012253033955891926
0.304074	2.1359	0.0007119666735331217
0.067037	1.9173	0.0006390999952952067
0.185556	6.38093	0.0021269766489664713
0.225556	3.80787	0.0012692899703979491
0.265556	2.68652	0.0008955066998799642
0.147037	13.6208	0.004540266672770183
0.107037	36.4026	0.012134199778238932
0.345556	1.68563	0.000561876654624939
0.305556	2.0917	0.0006972333590189616
0.0685185	1.9682	0.0006560666561126709
0.187037	6.16833	0.0020561100641886395
0.227037	3.78333	0.001261109987894694
0.267037	2.64344	0.0008811466693878174
0.148519	12.8	0.0042666667302449545
0.108519	36.6569	0.012218966166178385
0.347037	1.66511	0.0005550366640090942
0.307037	2.07157	0.0006905233065287272
0.188519	6.1177	0.0020392333666483563
0.228519	3.71821	0.0012394033273061117
0.268519	2.69465	0.0008982166449228923
0.348519	1.62662	0.0005422066847483318
0.308519	2.04187	0.0006806233723958333
