0.03	0.411634	0.00013721133271853129
0.11	58.0774	0.01935913340250651
0.07	2.1008	0.000700266679128011
0.15	12.9967	0.0043322334289550785
0.27	2.55662	0.0008522066275278728
0.31	1.96909	0.000656363328297933
0.23	3.75943	0.001253143310546875
0.19	6.41017	0.0021367233594258624
0.0314815	0.435588	0.000145196000734965
0.111481	55.0189	0.01833963394165039
0.151481	12.9242	0.004308066685994466
0.0714815	2.24615	0.000748716672261556
0.271481	2.60774	0.0008692466417948405
0.311481	2.05804	0.0006860133012135824
0.191481	5.83932	0.001946440060933431
0.231481	3.68147	0.0012271566390991211
0.032963	0.439081	0.0001463603377342224
0.112963	50.5175	0.01683916727701823
0.152963	12.0772	0.004025733311971029
0.072963	2.41585	0.0008052833080291748
0.272963	2.67089	0.0008902966976165772
0.312963	2.14204	0.0007140133380889893
0.192963	5.60176	0.0018672533035278321
0.232963	3.6955	0.001231833299001058
0.0344444	0.467027	0.00015567566951115927
0.114444	48.1378	0.01604593276977539
0.154444	11.7789	0.003926300048828125
0.0744444	2.9296	0.0009765333334604899
0.274444	2.68294	0.0008943133354187012
0.314444	2.04494	0.0006816466649373372
0.194444	5.65292	0.0018843065897623699
0.234444	3.48282	0.0011609400113423666
0.0359259	0.473896	0.00015796533226966858
0.115926	45.8582	0.01528606669108073
0.155926	11.34	0.00378000005086263
0.0759259	3.31688	0.001105626662572225
0.275926	2.57531	0.0008584366639455159
0.315926	1.94431	0.0006481033166249593
0.195926	5.28776	0.0017625865936279296
0.235926	3.62351	0.001207836627960205
0.0374074	0.508972	0.0001696573297182719
0.117407	42.474	0.014157999674479166
0.157407	10.5932	0.0035310665766398112
0.0774074	3.91769	0.0013058966795603435
0.277407	2.58118	0.0008603933652242024
0.317407	1.93734	0.0006457800070444743
0.197407	5.47354	0.0018245132764180502
0.237407	3.41536	0.0011384533246358236
0.0388889	0.525303	0.0001751010020573934
0.118889	40.58	0.013526667277018229
0.0788889	4.15194	0.0013839799563090005
0.158889	10.8599	0.0036199668248494466
0.278889	2.47525	0.000825083335240682
0.318889	1.92553	0.0006418433189392089
0.198889	5.44378	0.0018145933151245117
0.238889	3.33295	0.001110983371734619
0.0403704	0.557293	0.00018576433261235554
0.12037	37.0694	0.012356466929117838
0.0803704	5.12366	0.0017078866958618163
0.16037	10.0845	0.003361500104268392
0.28037	2.4908	0.0008302666346232096
0.20037	5.16182	0.0017206066449483237
0.32037	1.99216	0.0006640533208847046
0.24037	3.35529	0.001118429978688558
0.0418519	0.571231	0.00019041033585866292
0.121852	36.2536	0.01208453369140625
0.0818519	6.39751	0.002132503350575765
0.161852	9.43652	0.0031455065409342446
0.281852	2.48289	0.0008276299635569254
0.201852	5.14019	0.001713396708170573
0.321852	1.95955	0.0006531833410263061
0.241852	3.45561	0.0011518700122833251
0.0433333	0.60973	0.00020324333508809408
0.123333	32.6555	0.010885166168212891
0.0833333	6.58203	0.0021940099398295083
0.163333	9.61518	0.003205060005187988
0.283333	2.39629	0.0007987633546193441
0.203333	4.9901	0.0016633666356404622
0.323333	1.92433	0.0006414433320363363
0.243333	3.2229	0.0010742999712626139
0.0448148	0.686351	0.00022878366708755494
0.124815	31.0913	0.010363766352335612
0.0848148	9.60808	0.0032026933034261067
0.164815	9.29024	0.0030967467625935873
0.284815	2.36306	0.0007876866658528646
0.204815	4.92386	0.0016412866910298666
0.324815	1.8714	0.000623799999554952
0.244815	3.15237	0.001050789992014567
0.0462963	0.689422	0.00022980733712514242
0.0862963	9.59738	0.0031991265614827475
0.126296	29.418	0.009805999755859374
0.166296	8.85205	0.002950683275858561
0.286296	2.31202	0.0007706733544667562
0.206296	4.64778	0.0015492599805196126
0.0477778	0.714099	0.0002380329966545105
0.326296	1.78797	0.000595989982287089
0.246296	3.20216	0.0010673866271972657
0.0877778	13.8661	0.004622033437093099
0.127778	28.067	0.009355666478474935
0.167778	8.8845	0.002961499849955241
0.287778	2.39924	0.0007997466723124186
0.207778	4.76401	0.0015880033175150554
0.0492593	0.77099	0.0002569966713587443
0.327778	1.87873	0.0006262433528900147
0.247778	3.20544	0.0010684800148010253
0.0892593	20.5909	0.006863633473714193
0.129259	25.8429	0.008614299774169921
0.169259	8.47129	0.0028237632115681965
0.289259	2.32038	0.0007734599908192952
0.0507407	0.811945	0.0002706483403841654
0.209259	4.76716	0.0015890533129374186
0.329259	1.80841	0.000602803349494934
0.249259	3.14942	0.0010498066743214924
0.0907407	19.1159	0.006371966679890951
0.130741	23.6108	0.007870266596476237
0.170741	8.23707	0.0027456900278727213
0.290741	2.30536	0.0007684533596038818
0.0522222	0.854822	0.00028494065999984744
0.210741	4.5886	0.0015295333862304689
0.330741	1.79144	0.0005971466700236003
0.250741	3.12183	0.0010406099955240886
0.0922222	26.1715	0.008723833084106446
0.132222	23.0952	0.007698399861653646
0.172222	8.02658	0.0026755266189575195
0.292222	2.25024	0.0007500800291697184
0.0537037	0.902936	0.0003009786605834961
0.212222	4.41672	0.0014722399711608887
0.332222	1.87876	0.0006262533267339071
0.252222	2.98034	0.000993446667989095
0.0937037	30.2803	0.010093433380126953
0.133704	22.0192	0.007339733123779297
0.173704	7.8431	0.00261436669031779
0.293704	2.2372	0.0007457333405812581
0.0551852	0.920106	0.0003067019979159037
0.213704	4.39995	0.0014666500091552734
0.253704	2.99544	0.0009984800020853678
0.333704	1.81049	0.0006034966707229615
0.0951852	35.8097	0.011936566670735676
0.135185	20.2061	0.006735366821289062
0.175185	7.47104	0.0024903465906778973
0.295185	2.35364	0.000784546693166097
0.0566667	1.03482	0.00034493998686472573
0.215185	4.50382	0.0015012733141581218
0.255185	2.94556	0.0009818533261617024
0.335185	1.78042	0.0005934733152389526
0.0966667	40.8807	0.013626899719238281
0.136667	19.0639	0.006354633331298828
0.176667	7.15216	0.002384053389231364
0.0581481	1.13348	0.0003778266509373983
0.296667	2.20936	0.0007364532947540283
0.216667	4.30046	0.0014334866205851237
0.256667	2.87953	0.0009598433176676432
0.336667	1.69258	0.000564193328221639
0.0981481	45.7541	0.01525136693318685
0.138148	17.7226	0.005907533645629882
0.178148	7.33176	0.0024439199765523274
0.0596296	1.2071	0.0004023666779200236
0.298148	2.12737	0.0007091233730316162
0.218148	4.09186	0.0013639532725016276
0.258148	2.88898	0.000962993303934733
0.338148	1.73931	0.0005797700087229411
0.0996296	50.3764	0.01679213333129883
0.13963	17.2857	0.005761899948120117
0.17963	6.86972	0.002289906660715739
0.0611111	1.25696	0.00041898667812347414
0.29963	2.22139	0.0007404633363087972
0.21963	4.1631	0.0013876999219258625
0.25963	2.78696	0.0009289866288503011
0.101111	51.6727	0.01722423299153646
0.141111	16.7699	0.005589966456095378
0.33963	1.74533	0.0005817766586939494
0.181111	6.87165	0.0022905500729878746
0.0625926	1.38415	0.0004613833427429199
0.301111	2.22372	0.0007412400245666504
0.221111	4.08653	0.0013621767361958821
0.261111	2.8152	0.0009384000301361084
0.142593	16.1619	0.00538729985555013
0.102593	58.1492	0.01938306681315104
0.341111	1.79921	0.0005997366507848104
0.0640741	1.52819	0.0005093966722488403
0.182593	6.73918	0.002246393362681071
0.302593	2.14923	0.0007164100011189779
0.222593	4.02823	0.0013427433967590332
0.144074	15.38	0.005126666704813639
0.262593	2.76899	0.0009229966799418132
0.342593	1.70485	0.0005682833194732666
0.104074	62.8393	0.020946432749430338
0.0655556	1.56936	0.0005231200059254964
0.184074	6.39527	0.002131756623586019
0.304074	2.09998	0.000699993371963501
0.145556	13.8867	0.004628899892171224
0.224074	3.94901	0.0013163366317749023
0.264074	2.81972	0.0009399066766103109
0.344074	1.69705	0.0005656833251317342
0.067037	1.72172	0.0005739066600799561
0.105556	60.2441	0.020081366221110026
0.185556	6.26235	0.0020874500274658202
0.305556	2.09238	0.0006974600156148275
0.147037	14.2543	0.004751433372497558
0.0685185	1.94759	0.0006491966644922892
0.265556	2.79216	0.0009307200113932291
0.225556	3.91171	0.0013039033412933349
0.345556	1.71567	0.0005718899965286255
0.107037	60.3356	0.02011186726888021
0.187037	6.33285	0.002110949993133545
0.307037	2.07527	0.0006917566458384196
0.148519	13.5892	0.004529733339945476
0.108519	60.4641	0.0201546999613444
0.227037	3.84514	0.001281713326772054
0.267037	2.6186	0.0008728666305541993
0.347037	1.7395	0.0005798333485921224
0.188519	6.11319	0.002037730058034261
0.308519	2.07286	0.0006909533341725667
0.228519	3.70849	0.0012361632982889812
0.268519	2.65148	0.0008838266531626383
0.348519	1.6505	0.0005501666863759358
